2159.803928 
846.343398 
12.437218 
16.374556 
15.278933 
117.427995 
15.941572 
10.449850 
17.884703 
15.827945 
16.374556 
16.237086 
23.139214 
10.214513 
17.437612 
12.782560 
20.421729 
13.468451 
15.580623 
9.066356 
9.249372 
9.453688 
11.585510 
15.895593 
6.533387 
15.918116 
14.694250 
9.852013 
29.245439 
36.505413 
25.159356 
24.615849 
30.058848 
11.941389 
74.420716 
8.024934 
11.149349 
29.779530 
21.120060 
2159.803928 
846.343398 
12.437218 
16.374556 
15.278933 
117.427995 
15.941572 
10.449850 
17.884703 
15.827945 
16.374556 
16.237086 
23.139214 
10.214513 
17.437612 
12.782560 
20.421729 
13.468451 
15.580623 
9.066356 
9.249372 
9.453688 
11.585510 
15.895593 
6.533387 
15.918116 
14.694250 
9.852013 
29.245439 
36.505413 
25.159356 
24.615849 
30.058848 
11.941389 
74.420716 
8.024934 
11.149349 
29.779530 
21.120060 
2159.803928 
846.343398 
12.437218 
16.374556 
15.278933 
117.427995 
15.941572 
10.449850 
17.884703 
15.827945 
16.374556 
16.237086 
23.139214 
10.214513 
17.437612 
12.782560 
20.421729 
13.468451 
15.580623 
9.066356 
9.249372 
9.453688 
11.585510 
15.895593 
6.533387 
15.918116 
14.694250 
9.852013 
29.245439 
36.505413 
25.159356 
24.615849 
30.058848 
11.941389 
74.420716 
8.024934 
11.149349 
29.779530 
21.120060 
2159.803928 
846.343398 
12.437218 
16.374556 
15.278933 
117.427995 
15.941572 
10.449850 
17.884703 
15.827945 
16.374556 
16.237086 
23.139214 
10.214513 
17.437612 
12.782560 
20.421729 
13.468451 
15.580623 
9.066356 
9.249372 
9.453688 
11.585510 
15.895593 
6.533387 
15.918116 
14.694250 
9.852013 
29.245439 
36.505413 
25.159356 
24.615849 
30.058848 
11.941389 
74.420716 
8.024934 
11.149349 
29.779530 
21.120060 
2159.803928 
846.343398 
12.437218 
16.374556 
15.278933 
117.427995 
15.941572 
10.449850 
17.884703 
15.827945 
16.374556 
16.237086 
23.139214 
10.214513 
17.437612 
12.782560 
20.421729 
13.468451 
15.580623 
9.066356 
9.249372 
9.453688 
11.585510 
15.895593 
6.533387 
15.918116 
14.694250 
9.852013 
29.245439 
36.505413 
25.159356 
24.615849 
30.058848 
11.941389 
74.420716 
8.024934 
11.149349 
29.779530 
21.120060 
