2109.610397 
824.794624 
13.468056 
10.475154 
15.615227 
102.288148 
24.814708 
19.513577 
15.602144 
10.033648 
10.475154 
9.561895 
28.936926 
17.422366 
20.922877 
16.597180 
17.329060 
14.500244 
19.398605 
9.949637 
10.058850 
8.760743 
18.051706 
15.055780 
8.908693 
8.971226 
18.890862 
9.894552 
27.356291 
31.047538 
18.212104 
35.542815 
35.550510 
14.312280 
32.921268 
9.472099 
11.806151 
22.419499 
22.974834 
2109.610397 
824.794624 
13.468056 
10.475154 
15.615227 
102.288148 
24.814708 
19.513577 
15.602144 
10.033648 
10.475154 
9.561895 
28.936926 
17.422366 
20.922877 
16.597180 
17.329060 
14.500244 
19.398605 
9.949637 
10.058850 
8.760743 
18.051706 
15.055780 
8.908693 
8.971226 
18.890862 
9.894552 
27.356291 
31.047538 
18.212104 
35.542815 
35.550510 
14.312280 
32.921268 
9.472099 
11.806151 
22.419499 
22.974834 
2109.610397 
824.794624 
13.468056 
10.475154 
15.615227 
102.288148 
24.814708 
19.513577 
15.602144 
10.033648 
10.475154 
9.561895 
28.936926 
17.422366 
20.922877 
16.597180 
17.329060 
14.500244 
19.398605 
9.949637 
10.058850 
8.760743 
18.051706 
15.055780 
8.908693 
8.971226 
18.890862 
9.894552 
27.356291 
31.047538 
18.212104 
35.542815 
35.550510 
14.312280 
32.921268 
9.472099 
11.806151 
22.419499 
22.974834 
2109.610397 
824.794624 
13.468056 
10.475154 
15.615227 
102.288148 
24.814708 
19.513577 
15.602144 
10.033648 
10.475154 
9.561895 
28.936926 
17.422366 
20.922877 
16.597180 
17.329060 
14.500244 
19.398605 
9.949637 
10.058850 
8.760743 
18.051706 
15.055780 
8.908693 
8.971226 
18.890862 
9.894552 
27.356291 
31.047538 
18.212104 
35.542815 
35.550510 
14.312280 
32.921268 
9.472099 
11.806151 
22.419499 
22.974834 
2109.610397 
824.794624 
13.468056 
10.475154 
15.615227 
102.288148 
24.814708 
19.513577 
15.602144 
10.033648 
10.475154 
9.561895 
28.936926 
17.422366 
20.922877 
16.597180 
17.329060 
14.500244 
19.398605 
9.949637 
10.058850 
8.760743 
18.051706 
15.055780 
8.908693 
8.971226 
18.890862 
9.894552 
27.356291 
31.047538 
18.212104 
35.542815 
35.550510 
14.312280 
32.921268 
9.472099 
11.806151 
22.419499 
22.974834 
