2203.148800 
863.148826 
14.804693 
15.748243 
19.517296 
129.845528 
25.329815 
13.883237 
17.572793 
9.806143 
15.748243 
16.021921 
28.073607 
20.094664 
21.460247 
11.200209 
24.418259 
15.294887 
26.149982 
13.719708 
9.498473 
6.439613 
13.306526 
10.039051 
15.004665 
8.784315 
15.224653 
9.734922 
29.887513 
29.435299 
17.503063 
42.414164 
27.152579 
13.776544 
35.627196 
7.993700 
12.964318 
28.030999 
23.147898 
2203.148800 
863.148826 
14.804693 
15.748243 
19.517296 
129.845528 
25.329815 
13.883237 
17.572793 
9.806143 
15.748243 
16.021921 
28.073607 
20.094664 
21.460247 
11.200209 
24.418259 
15.294887 
26.149982 
13.719708 
9.498473 
6.439613 
13.306526 
10.039051 
15.004665 
8.784315 
15.224653 
9.734922 
29.887513 
29.435299 
17.503063 
42.414164 
27.152579 
13.776544 
35.627196 
7.993700 
12.964318 
28.030999 
23.147898 
2203.148800 
863.148826 
14.804693 
15.748243 
19.517296 
129.845528 
25.329815 
13.883237 
17.572793 
9.806143 
15.748243 
16.021921 
28.073607 
20.094664 
21.460247 
11.200209 
24.418259 
15.294887 
26.149982 
13.719708 
9.498473 
6.439613 
13.306526 
10.039051 
15.004665 
8.784315 
15.224653 
9.734922 
29.887513 
29.435299 
17.503063 
42.414164 
27.152579 
13.776544 
35.627196 
7.993700 
12.964318 
28.030999 
23.147898 
2203.148800 
863.148826 
14.804693 
15.748243 
19.517296 
129.845528 
25.329815 
13.883237 
17.572793 
9.806143 
15.748243 
16.021921 
28.073607 
20.094664 
21.460247 
11.200209 
24.418259 
15.294887 
26.149982 
13.719708 
9.498473 
6.439613 
13.306526 
10.039051 
15.004665 
8.784315 
15.224653 
9.734922 
29.887513 
29.435299 
17.503063 
42.414164 
27.152579 
13.776544 
35.627196 
7.993700 
12.964318 
28.030999 
23.147898 
2203.148800 
863.148826 
14.804693 
15.748243 
19.517296 
129.845528 
25.329815 
13.883237 
17.572793 
9.806143 
15.748243 
16.021921 
28.073607 
20.094664 
21.460247 
11.200209 
24.418259 
15.294887 
26.149982 
13.719708 
9.498473 
6.439613 
13.306526 
10.039051 
15.004665 
8.784315 
15.224653 
9.734922 
29.887513 
29.435299 
17.503063 
42.414164 
27.152579 
13.776544 
35.627196 
7.993700 
12.964318 
28.030999 
23.147898 
