2061.175704 
800.436858 
17.377247 
20.794409 
20.477873 
74.736022 
31.269243 
24.919701 
26.200356 
24.100820 
20.794409 
16.106779 
34.400519 
19.177206 
16.408839 
16.339101 
29.025696 
19.657206 
26.434820 
17.999131 
12.248262 
14.894377 
31.741554 
18.649671 
7.507984 
15.500283 
40.512617 
10.380127 
21.417990 
13.112856 
12.881615 
35.756882 
16.456775 
18.022576 
10.064036 
12.139374 
13.258091 
18.683198 
23.653017 
2061.175704 
800.436858 
17.377247 
20.794409 
20.477873 
74.736022 
31.269243 
24.919701 
26.200356 
24.100820 
20.794409 
16.106779 
34.400519 
19.177206 
16.408839 
16.339101 
29.025696 
19.657206 
26.434820 
17.999131 
12.248262 
14.894377 
31.741554 
18.649671 
7.507984 
15.500283 
40.512617 
10.380127 
21.417990 
13.112856 
12.881615 
35.756882 
16.456775 
18.022576 
10.064036 
12.139374 
13.258091 
18.683198 
23.653017 
2061.175704 
800.436858 
17.377247 
20.794409 
20.477873 
74.736022 
31.269243 
24.919701 
26.200356 
24.100820 
20.794409 
16.106779 
34.400519 
19.177206 
16.408839 
16.339101 
29.025696 
19.657206 
26.434820 
17.999131 
12.248262 
14.894377 
31.741554 
18.649671 
7.507984 
15.500283 
40.512617 
10.380127 
21.417990 
13.112856 
12.881615 
35.756882 
16.456775 
18.022576 
10.064036 
12.139374 
13.258091 
18.683198 
23.653017 
2061.175704 
800.436858 
17.377247 
20.794409 
20.477873 
74.736022 
31.269243 
24.919701 
26.200356 
24.100820 
20.794409 
16.106779 
34.400519 
19.177206 
16.408839 
16.339101 
29.025696 
19.657206 
26.434820 
17.999131 
12.248262 
14.894377 
31.741554 
18.649671 
7.507984 
15.500283 
40.512617 
10.380127 
21.417990 
13.112856 
12.881615 
35.756882 
16.456775 
18.022576 
10.064036 
12.139374 
13.258091 
18.683198 
23.653017 
2061.175704 
800.436858 
17.377247 
20.794409 
20.477873 
74.736022 
31.269243 
24.919701 
26.200356 
24.100820 
20.794409 
16.106779 
34.400519 
19.177206 
16.408839 
16.339101 
29.025696 
19.657206 
26.434820 
17.999131 
12.248262 
14.894377 
31.741554 
18.649671 
7.507984 
15.500283 
40.512617 
10.380127 
21.417990 
13.112856 
12.881615 
35.756882 
16.456775 
18.022576 
10.064036 
12.139374 
13.258091 
18.683198 
23.653017 
