2107.778798 
827.112314 
14.565141 
16.927740 
19.388109 
109.668690 
20.484102 
19.244052 
20.381973 
25.071978 
16.927740 
11.010479 
22.937373 
18.175248 
10.311944 
11.971375 
18.235614 
11.198166 
19.625279 
15.397804 
8.030717 
12.159091 
25.061762 
19.396048 
9.793759 
14.993920 
24.874983 
8.163168 
20.073882 
18.522186 
12.825849 
33.983342 
11.531346 
12.716770 
10.636016 
5.864366 
10.185341 
22.461803 
18.284124 
2107.778798 
827.112314 
14.565141 
16.927740 
19.388109 
109.668690 
20.484102 
19.244052 
20.381973 
25.071978 
16.927740 
11.010479 
22.937373 
18.175248 
10.311944 
11.971375 
18.235614 
11.198166 
19.625279 
15.397804 
8.030717 
12.159091 
25.061762 
19.396048 
9.793759 
14.993920 
24.874983 
8.163168 
20.073882 
18.522186 
12.825849 
33.983342 
11.531346 
12.716770 
10.636016 
5.864366 
10.185341 
22.461803 
18.284124 
2107.778798 
827.112314 
14.565141 
16.927740 
19.388109 
109.668690 
20.484102 
19.244052 
20.381973 
25.071978 
16.927740 
11.010479 
22.937373 
18.175248 
10.311944 
11.971375 
18.235614 
11.198166 
19.625279 
15.397804 
8.030717 
12.159091 
25.061762 
19.396048 
9.793759 
14.993920 
24.874983 
8.163168 
20.073882 
18.522186 
12.825849 
33.983342 
11.531346 
12.716770 
10.636016 
5.864366 
10.185341 
22.461803 
18.284124 
2107.778798 
827.112314 
14.565141 
16.927740 
19.388109 
109.668690 
20.484102 
19.244052 
20.381973 
25.071978 
16.927740 
11.010479 
22.937373 
18.175248 
10.311944 
11.971375 
18.235614 
11.198166 
19.625279 
15.397804 
8.030717 
12.159091 
25.061762 
19.396048 
9.793759 
14.993920 
24.874983 
8.163168 
20.073882 
18.522186 
12.825849 
33.983342 
11.531346 
12.716770 
10.636016 
5.864366 
10.185341 
22.461803 
18.284124 
2107.778798 
827.112314 
14.565141 
16.927740 
19.388109 
109.668690 
20.484102 
19.244052 
20.381973 
25.071978 
16.927740 
11.010479 
22.937373 
18.175248 
10.311944 
11.971375 
18.235614 
11.198166 
19.625279 
15.397804 
8.030717 
12.159091 
25.061762 
19.396048 
9.793759 
14.993920 
24.874983 
8.163168 
20.073882 
18.522186 
12.825849 
33.983342 
11.531346 
12.716770 
10.636016 
5.864366 
10.185341 
22.461803 
18.284124 
