2114.311085 
834.041969 
12.991686 
14.354568 
16.382307 
76.913745 
30.139504 
20.012633 
19.556248 
18.235088 
14.354568 
7.477124 
21.489279 
19.772495 
14.190166 
13.440116 
10.200019 
7.923285 
8.282485 
11.866799 
10.065872 
8.793289 
32.499550 
17.056180 
8.503594 
13.079267 
40.998689 
7.473143 
21.100390 
22.784076 
13.731754 
29.835208 
18.343612 
13.499917 
14.769367 
8.742494 
11.843673 
27.835784 
21.116205 
2114.311085 
834.041969 
12.991686 
14.354568 
16.382307 
76.913745 
30.139504 
20.012633 
19.556248 
18.235088 
14.354568 
7.477124 
21.489279 
19.772495 
14.190166 
13.440116 
10.200019 
7.923285 
8.282485 
11.866799 
10.065872 
8.793289 
32.499550 
17.056180 
8.503594 
13.079267 
40.998689 
7.473143 
21.100390 
22.784076 
13.731754 
29.835208 
18.343612 
13.499917 
14.769367 
8.742494 
11.843673 
27.835784 
21.116205 
2114.311085 
834.041969 
12.991686 
14.354568 
16.382307 
76.913745 
30.139504 
20.012633 
19.556248 
18.235088 
14.354568 
7.477124 
21.489279 
19.772495 
14.190166 
13.440116 
10.200019 
7.923285 
8.282485 
11.866799 
10.065872 
8.793289 
32.499550 
17.056180 
8.503594 
13.079267 
40.998689 
7.473143 
21.100390 
22.784076 
13.731754 
29.835208 
18.343612 
13.499917 
14.769367 
8.742494 
11.843673 
27.835784 
21.116205 
2114.311085 
834.041969 
12.991686 
14.354568 
16.382307 
76.913745 
30.139504 
20.012633 
19.556248 
18.235088 
14.354568 
7.477124 
21.489279 
19.772495 
14.190166 
13.440116 
10.200019 
7.923285 
8.282485 
11.866799 
10.065872 
8.793289 
32.499550 
17.056180 
8.503594 
13.079267 
40.998689 
7.473143 
21.100390 
22.784076 
13.731754 
29.835208 
18.343612 
13.499917 
14.769367 
8.742494 
11.843673 
27.835784 
21.116205 
2114.311085 
834.041969 
12.991686 
14.354568 
16.382307 
76.913745 
30.139504 
20.012633 
19.556248 
18.235088 
14.354568 
7.477124 
21.489279 
19.772495 
14.190166 
13.440116 
10.200019 
7.923285 
8.282485 
11.866799 
10.065872 
8.793289 
32.499550 
17.056180 
8.503594 
13.079267 
40.998689 
7.473143 
21.100390 
22.784076 
13.731754 
29.835208 
18.343612 
13.499917 
14.769367 
8.742494 
11.843673 
27.835784 
21.116205 
