2026.581055 
806.139191 
15.634008 
16.477224 
21.136081 
121.791477 
19.289013 
24.801586 
27.229752 
24.908873 
16.477224 
19.782082 
24.513312 
14.453621 
17.072165 
11.840475 
25.557796 
16.197989 
17.244006 
16.941907 
14.388434 
10.242085 
17.458355 
21.688185 
11.590856 
16.048178 
19.568378 
14.119868 
34.408822 
29.372062 
22.338152 
32.506247 
36.657686 
14.310340 
24.993460 
12.443772 
14.688959 
29.526041 
19.829633 
2026.581055 
806.139191 
15.634008 
16.477224 
21.136081 
121.791477 
19.289013 
24.801586 
27.229752 
24.908873 
16.477224 
19.782082 
24.513312 
14.453621 
17.072165 
11.840475 
25.557796 
16.197989 
17.244006 
16.941907 
14.388434 
10.242085 
17.458355 
21.688185 
11.590856 
16.048178 
19.568378 
14.119868 
34.408822 
29.372062 
22.338152 
32.506247 
36.657686 
14.310340 
24.993460 
12.443772 
14.688959 
29.526041 
19.829633 
2026.581055 
806.139191 
15.634008 
16.477224 
21.136081 
121.791477 
19.289013 
24.801586 
27.229752 
24.908873 
16.477224 
19.782082 
24.513312 
14.453621 
17.072165 
11.840475 
25.557796 
16.197989 
17.244006 
16.941907 
14.388434 
10.242085 
17.458355 
21.688185 
11.590856 
16.048178 
19.568378 
14.119868 
34.408822 
29.372062 
22.338152 
32.506247 
36.657686 
14.310340 
24.993460 
12.443772 
14.688959 
29.526041 
19.829633 
2026.581055 
806.139191 
15.634008 
16.477224 
21.136081 
121.791477 
19.289013 
24.801586 
27.229752 
24.908873 
16.477224 
19.782082 
24.513312 
14.453621 
17.072165 
11.840475 
25.557796 
16.197989 
17.244006 
16.941907 
14.388434 
10.242085 
17.458355 
21.688185 
11.590856 
16.048178 
19.568378 
14.119868 
34.408822 
29.372062 
22.338152 
32.506247 
36.657686 
14.310340 
24.993460 
12.443772 
14.688959 
29.526041 
19.829633 
2026.581055 
806.139191 
15.634008 
16.477224 
21.136081 
121.791477 
19.289013 
24.801586 
27.229752 
24.908873 
16.477224 
19.782082 
24.513312 
14.453621 
17.072165 
11.840475 
25.557796 
16.197989 
17.244006 
16.941907 
14.388434 
10.242085 
17.458355 
21.688185 
11.590856 
16.048178 
19.568378 
14.119868 
34.408822 
29.372062 
22.338152 
32.506247 
36.657686 
14.310340 
24.993460 
12.443772 
14.688959 
29.526041 
19.829633 
