2127.658800 
829.114954 
15.522403 
14.379418 
16.690034 
81.554388 
25.698840 
10.335342 
26.713930 
12.806160 
14.379418 
13.851762 
31.300218 
13.120104 
19.042791 
9.698338 
17.512927 
16.489794 
16.644703 
17.962781 
13.263942 
12.763604 
11.473852 
13.955726 
8.925872 
18.900791 
17.654321 
9.969921 
24.584249 
29.364080 
20.712180 
28.006227 
25.205101 
12.746914 
54.206547 
16.179053 
13.661130 
38.437859 
17.862843 
2127.658800 
829.114954 
15.522403 
14.379418 
16.690034 
81.554388 
25.698840 
10.335342 
26.713930 
12.806160 
14.379418 
13.851762 
31.300218 
13.120104 
19.042791 
9.698338 
17.512927 
16.489794 
16.644703 
17.962781 
13.263942 
12.763604 
11.473852 
13.955726 
8.925872 
18.900791 
17.654321 
9.969921 
24.584249 
29.364080 
20.712180 
28.006227 
25.205101 
12.746914 
54.206547 
16.179053 
13.661130 
38.437859 
17.862843 
2127.658800 
829.114954 
15.522403 
14.379418 
16.690034 
81.554388 
25.698840 
10.335342 
26.713930 
12.806160 
14.379418 
13.851762 
31.300218 
13.120104 
19.042791 
9.698338 
17.512927 
16.489794 
16.644703 
17.962781 
13.263942 
12.763604 
11.473852 
13.955726 
8.925872 
18.900791 
17.654321 
9.969921 
24.584249 
29.364080 
20.712180 
28.006227 
25.205101 
12.746914 
54.206547 
16.179053 
13.661130 
38.437859 
17.862843 
2127.658800 
829.114954 
15.522403 
14.379418 
16.690034 
81.554388 
25.698840 
10.335342 
26.713930 
12.806160 
14.379418 
13.851762 
31.300218 
13.120104 
19.042791 
9.698338 
17.512927 
16.489794 
16.644703 
17.962781 
13.263942 
12.763604 
11.473852 
13.955726 
8.925872 
18.900791 
17.654321 
9.969921 
24.584249 
29.364080 
20.712180 
28.006227 
25.205101 
12.746914 
54.206547 
16.179053 
13.661130 
38.437859 
17.862843 
2127.658800 
829.114954 
15.522403 
14.379418 
16.690034 
81.554388 
25.698840 
10.335342 
26.713930 
12.806160 
14.379418 
13.851762 
31.300218 
13.120104 
19.042791 
9.698338 
17.512927 
16.489794 
16.644703 
17.962781 
13.263942 
12.763604 
11.473852 
13.955726 
8.925872 
18.900791 
17.654321 
9.969921 
24.584249 
29.364080 
20.712180 
28.006227 
25.205101 
12.746914 
54.206547 
16.179053 
13.661130 
38.437859 
17.862843 
