2111.389927 
837.643092 
15.920152 
12.270189 
19.505127 
75.945153 
29.438347 
28.642546 
35.853293 
17.341267 
12.270189 
12.963300 
26.091625 
21.803051 
14.120891 
14.424359 
14.159460 
14.403923 
14.923972 
15.562766 
4.434344 
14.351691 
19.078876 
22.533595 
12.814300 
19.331372 
21.610803 
13.195028 
28.237154 
27.618312 
17.389032 
40.221089 
26.845951 
14.570470 
22.463201 
12.394349 
13.906977 
27.206258 
20.302230 
2111.389927 
837.643092 
15.920152 
12.270189 
19.505127 
75.945153 
29.438347 
28.642546 
35.853293 
17.341267 
12.270189 
12.963300 
26.091625 
21.803051 
14.120891 
14.424359 
14.159460 
14.403923 
14.923972 
15.562766 
4.434344 
14.351691 
19.078876 
22.533595 
12.814300 
19.331372 
21.610803 
13.195028 
28.237154 
27.618312 
17.389032 
40.221089 
26.845951 
14.570470 
22.463201 
12.394349 
13.906977 
27.206258 
20.302230 
2111.389927 
837.643092 
15.920152 
12.270189 
19.505127 
75.945153 
29.438347 
28.642546 
35.853293 
17.341267 
12.270189 
12.963300 
26.091625 
21.803051 
14.120891 
14.424359 
14.159460 
14.403923 
14.923972 
15.562766 
4.434344 
14.351691 
19.078876 
22.533595 
12.814300 
19.331372 
21.610803 
13.195028 
28.237154 
27.618312 
17.389032 
40.221089 
26.845951 
14.570470 
22.463201 
12.394349 
13.906977 
27.206258 
20.302230 
2111.389927 
837.643092 
15.920152 
12.270189 
19.505127 
75.945153 
29.438347 
28.642546 
35.853293 
17.341267 
12.270189 
12.963300 
26.091625 
21.803051 
14.120891 
14.424359 
14.159460 
14.403923 
14.923972 
15.562766 
4.434344 
14.351691 
19.078876 
22.533595 
12.814300 
19.331372 
21.610803 
13.195028 
28.237154 
27.618312 
17.389032 
40.221089 
26.845951 
14.570470 
22.463201 
12.394349 
13.906977 
27.206258 
20.302230 
2111.389927 
837.643092 
15.920152 
12.270189 
19.505127 
75.945153 
29.438347 
28.642546 
35.853293 
17.341267 
12.270189 
12.963300 
26.091625 
21.803051 
14.120891 
14.424359 
14.159460 
14.403923 
14.923972 
15.562766 
4.434344 
14.351691 
19.078876 
22.533595 
12.814300 
19.331372 
21.610803 
13.195028 
28.237154 
27.618312 
17.389032 
40.221089 
26.845951 
14.570470 
22.463201 
12.394349 
13.906977 
27.206258 
20.302230 
