2057.475164 
836.922346 
14.132181 
16.151568 
17.988910 
59.466535 
22.015581 
19.958584 
30.943035 
13.638267 
16.151568 
12.048743 
20.682183 
14.485178 
19.063372 
13.579604 
18.684248 
15.325320 
15.966250 
12.447877 
12.993456 
15.217230 
9.276670 
11.470701 
11.985457 
9.526118 
18.322994 
10.614659 
31.641399 
28.007388 
19.909682 
33.127946 
34.235530 
12.231626 
32.981499 
10.101757 
10.054896 
25.383301 
19.180057 
2057.475164 
836.922346 
14.132181 
16.151568 
17.988910 
59.466535 
22.015581 
19.958584 
30.943035 
13.638267 
16.151568 
12.048743 
20.682183 
14.485178 
19.063372 
13.579604 
18.684248 
15.325320 
15.966250 
12.447877 
12.993456 
15.217230 
9.276670 
11.470701 
11.985457 
9.526118 
18.322994 
10.614659 
31.641399 
28.007388 
19.909682 
33.127946 
34.235530 
12.231626 
32.981499 
10.101757 
10.054896 
25.383301 
19.180057 
2057.475164 
836.922346 
14.132181 
16.151568 
17.988910 
59.466535 
22.015581 
19.958584 
30.943035 
13.638267 
16.151568 
12.048743 
20.682183 
14.485178 
19.063372 
13.579604 
18.684248 
15.325320 
15.966250 
12.447877 
12.993456 
15.217230 
9.276670 
11.470701 
11.985457 
9.526118 
18.322994 
10.614659 
31.641399 
28.007388 
19.909682 
33.127946 
34.235530 
12.231626 
32.981499 
10.101757 
10.054896 
25.383301 
19.180057 
2057.475164 
836.922346 
14.132181 
16.151568 
17.988910 
59.466535 
22.015581 
19.958584 
30.943035 
13.638267 
16.151568 
12.048743 
20.682183 
14.485178 
19.063372 
13.579604 
18.684248 
15.325320 
15.966250 
12.447877 
12.993456 
15.217230 
9.276670 
11.470701 
11.985457 
9.526118 
18.322994 
10.614659 
31.641399 
28.007388 
19.909682 
33.127946 
34.235530 
12.231626 
32.981499 
10.101757 
10.054896 
25.383301 
19.180057 
2057.475164 
836.922346 
14.132181 
16.151568 
17.988910 
59.466535 
22.015581 
19.958584 
30.943035 
13.638267 
16.151568 
12.048743 
20.682183 
14.485178 
19.063372 
13.579604 
18.684248 
15.325320 
15.966250 
12.447877 
12.993456 
15.217230 
9.276670 
11.470701 
11.985457 
9.526118 
18.322994 
10.614659 
31.641399 
28.007388 
19.909682 
33.127946 
34.235530 
12.231626 
32.981499 
10.101757 
10.054896 
25.383301 
19.180057 
