2136.512790 
840.792345 
13.563794 
14.095942 
16.597165 
70.628825 
23.467974 
14.548381 
22.108911 
17.106597 
14.095942 
12.696025 
27.550068 
18.047217 
16.596400 
12.772103 
18.249032 
8.660898 
16.251361 
17.070810 
7.856886 
12.765114 
15.297035 
18.288864 
11.113445 
16.926983 
27.600533 
8.298576 
18.801797 
10.525613 
10.968500 
33.718132 
16.107768 
11.720586 
14.039959 
11.699937 
10.291389 
20.692826 
15.685636 
2123.530615 
841.428131 
16.327349 
15.980116 
19.966937 
124.583811 
32.471279 
19.604869 
21.140405 
16.328650 
15.980116 
14.034550 
31.006232 
16.815272 
16.697418 
16.022801 
24.479387 
19.391529 
17.342973 
13.418593 
8.960564 
9.812830 
19.319183 
21.949139 
11.500490 
11.476006 
23.805472 
10.666717 
27.687915 
25.312604 
18.635074 
39.934007 
29.998062 
16.788101 
34.595411 
10.937968 
14.036559 
27.090936 
21.498323 
2123.530615 
841.428131 
16.327349 
15.980116 
19.966937 
124.583811 
32.471279 
19.604869 
21.140405 
16.328650 
15.980116 
14.034550 
31.006232 
16.815272 
16.697418 
16.022801 
24.479387 
19.391529 
17.342973 
13.418593 
8.960564 
9.812830 
19.319183 
21.949139 
11.500490 
11.476006 
23.805472 
10.666717 
27.687915 
25.312604 
18.635074 
39.934007 
29.998062 
16.788101 
34.595411 
10.937968 
14.036559 
27.090936 
21.498323 
2123.530615 
841.428131 
16.327349 
15.980116 
19.966937 
124.583811 
32.471279 
19.604869 
21.140405 
16.328650 
15.980116 
14.034550 
31.006232 
16.815272 
16.697418 
16.022801 
24.479387 
19.391529 
17.342973 
13.418593 
8.960564 
9.812830 
19.319183 
21.949139 
11.500490 
11.476006 
23.805472 
10.666717 
27.687915 
25.312604 
18.635074 
39.934007 
29.998062 
16.788101 
34.595411 
10.937968 
14.036559 
27.090936 
21.498323 
2123.530615 
841.428131 
16.327349 
15.980116 
19.966937 
124.583811 
32.471279 
19.604869 
21.140405 
16.328650 
15.980116 
14.034550 
31.006232 
16.815272 
16.697418 
16.022801 
24.479387 
19.391529 
17.342973 
13.418593 
8.960564 
9.812830 
19.319183 
21.949139 
11.500490 
11.476006 
23.805472 
10.666717 
27.687915 
25.312604 
18.635074 
39.934007 
29.998062 
16.788101 
34.595411 
10.937968 
14.036559 
27.090936 
21.498323 
