2091.888265 
823.360893 
17.582142 
25.923665 
19.684120 
89.092885 
31.673133 
19.146760 
29.890336 
19.757711 
25.923665 
16.210359 
32.692293 
13.736443 
15.207073 
17.434518 
16.863504 
9.431252 
17.226300 
13.630320 
12.838647 
11.202412 
19.261448 
15.498198 
10.753891 
15.300870 
30.901356 
11.525812 
19.704344 
10.118915 
12.750812 
38.265423 
23.605482 
18.315204 
17.547716 
12.950883 
14.647670 
18.624436 
26.159219 
2091.888265 
823.360893 
17.582142 
25.923665 
19.684120 
89.092885 
31.673133 
19.146760 
29.890336 
19.757711 
25.923665 
16.210359 
32.692293 
13.736443 
15.207073 
17.434518 
16.863504 
9.431252 
17.226300 
13.630320 
12.838647 
11.202412 
19.261448 
15.498198 
10.753891 
15.300870 
30.901356 
11.525812 
19.704344 
10.118915 
12.750812 
38.265423 
23.605482 
18.315204 
17.547716 
12.950883 
14.647670 
18.624436 
26.159219 
2091.888265 
823.360893 
17.582142 
25.923665 
19.684120 
89.092885 
31.673133 
19.146760 
29.890336 
19.757711 
25.923665 
16.210359 
32.692293 
13.736443 
15.207073 
17.434518 
16.863504 
9.431252 
17.226300 
13.630320 
12.838647 
11.202412 
19.261448 
15.498198 
10.753891 
15.300870 
30.901356 
11.525812 
19.704344 
10.118915 
12.750812 
38.265423 
23.605482 
18.315204 
17.547716 
12.950883 
14.647670 
18.624436 
26.159219 
2091.888265 
823.360893 
17.582142 
25.923665 
19.684120 
89.092885 
31.673133 
19.146760 
29.890336 
19.757711 
25.923665 
16.210359 
32.692293 
13.736443 
15.207073 
17.434518 
16.863504 
9.431252 
17.226300 
13.630320 
12.838647 
11.202412 
19.261448 
15.498198 
10.753891 
15.300870 
30.901356 
11.525812 
19.704344 
10.118915 
12.750812 
38.265423 
23.605482 
18.315204 
17.547716 
12.950883 
14.647670 
18.624436 
26.159219 
2091.888265 
823.360893 
17.582142 
25.923665 
19.684120 
89.092885 
31.673133 
19.146760 
29.890336 
19.757711 
25.923665 
16.210359 
32.692293 
13.736443 
15.207073 
17.434518 
16.863504 
9.431252 
17.226300 
13.630320 
12.838647 
11.202412 
19.261448 
15.498198 
10.753891 
15.300870 
30.901356 
11.525812 
19.704344 
10.118915 
12.750812 
38.265423 
23.605482 
18.315204 
17.547716 
12.950883 
14.647670 
18.624436 
26.159219 
