2058.284267 
810.332500 
17.693663 
21.026235 
24.145860 
115.759495 
24.911282 
27.882071 
32.070496 
28.736726 
21.026235 
19.750279 
32.292027 
17.595103 
22.292928 
11.929961 
20.769197 
17.700023 
15.967343 
15.419757 
10.548918 
10.316617 
20.439097 
18.816493 
12.040658 
15.179502 
25.705450 
13.372588 
22.897847 
13.885621 
16.789242 
35.532591 
26.647565 
16.369623 
13.477683 
11.576315 
15.066387 
28.726064 
25.583971 
2058.284267 
810.332500 
17.693663 
21.026235 
24.145860 
115.759495 
24.911282 
27.882071 
32.070496 
28.736726 
21.026235 
19.750279 
32.292027 
17.595103 
22.292928 
11.929961 
20.769197 
17.700023 
15.967343 
15.419757 
10.548918 
10.316617 
20.439097 
18.816493 
12.040658 
15.179502 
25.705450 
13.372588 
22.897847 
13.885621 
16.789242 
35.532591 
26.647565 
16.369623 
13.477683 
11.576315 
15.066387 
28.726064 
25.583971 
2058.284267 
810.332500 
17.693663 
21.026235 
24.145860 
115.759495 
24.911282 
27.882071 
32.070496 
28.736726 
21.026235 
19.750279 
32.292027 
17.595103 
22.292928 
11.929961 
20.769197 
17.700023 
15.967343 
15.419757 
10.548918 
10.316617 
20.439097 
18.816493 
12.040658 
15.179502 
25.705450 
13.372588 
22.897847 
13.885621 
16.789242 
35.532591 
26.647565 
16.369623 
13.477683 
11.576315 
15.066387 
28.726064 
25.583971 
2058.284267 
810.332500 
17.693663 
21.026235 
24.145860 
115.759495 
24.911282 
27.882071 
32.070496 
28.736726 
21.026235 
19.750279 
32.292027 
17.595103 
22.292928 
11.929961 
20.769197 
17.700023 
15.967343 
15.419757 
10.548918 
10.316617 
20.439097 
18.816493 
12.040658 
15.179502 
25.705450 
13.372588 
22.897847 
13.885621 
16.789242 
35.532591 
26.647565 
16.369623 
13.477683 
11.576315 
15.066387 
28.726064 
25.583971 
2058.284267 
810.332500 
17.693663 
21.026235 
24.145860 
115.759495 
24.911282 
27.882071 
32.070496 
28.736726 
21.026235 
19.750279 
32.292027 
17.595103 
22.292928 
11.929961 
20.769197 
17.700023 
15.967343 
15.419757 
10.548918 
10.316617 
20.439097 
18.816493 
12.040658 
15.179502 
25.705450 
13.372588 
22.897847 
13.885621 
16.789242 
35.532591 
26.647565 
16.369623 
13.477683 
11.576315 
15.066387 
28.726064 
25.583971 
