2086.362428 
822.027862 
16.514412 
18.543153 
16.995909 
93.564319 
25.905476 
14.808067 
27.189844 
15.039295 
18.543153 
15.574304 
31.130933 
22.085473 
11.449409 
15.109094 
17.921801 
15.619135 
15.987957 
16.744424 
9.962469 
15.299950 
9.820243 
11.180736 
14.499703 
14.229039 
25.840724 
14.219153 
30.682812 
17.446728 
16.326859 
38.419722 
35.498160 
15.663514 
20.060132 
9.123030 
10.334213 
22.382144 
22.416427 
2086.362428 
822.027862 
16.514412 
18.543153 
16.995909 
93.564319 
25.905476 
14.808067 
27.189844 
15.039295 
18.543153 
15.574304 
31.130933 
22.085473 
11.449409 
15.109094 
17.921801 
15.619135 
15.987957 
16.744424 
9.962469 
15.299950 
9.820243 
11.180736 
14.499703 
14.229039 
25.840724 
14.219153 
30.682812 
17.446728 
16.326859 
38.419722 
35.498160 
15.663514 
20.060132 
9.123030 
10.334213 
22.382144 
22.416427 
2086.362428 
822.027862 
16.514412 
18.543153 
16.995909 
93.564319 
25.905476 
14.808067 
27.189844 
15.039295 
18.543153 
15.574304 
31.130933 
22.085473 
11.449409 
15.109094 
17.921801 
15.619135 
15.987957 
16.744424 
9.962469 
15.299950 
9.820243 
11.180736 
14.499703 
14.229039 
25.840724 
14.219153 
30.682812 
17.446728 
16.326859 
38.419722 
35.498160 
15.663514 
20.060132 
9.123030 
10.334213 
22.382144 
22.416427 
2086.362428 
822.027862 
16.514412 
18.543153 
16.995909 
93.564319 
25.905476 
14.808067 
27.189844 
15.039295 
18.543153 
15.574304 
31.130933 
22.085473 
11.449409 
15.109094 
17.921801 
15.619135 
15.987957 
16.744424 
9.962469 
15.299950 
9.820243 
11.180736 
14.499703 
14.229039 
25.840724 
14.219153 
30.682812 
17.446728 
16.326859 
38.419722 
35.498160 
15.663514 
20.060132 
9.123030 
10.334213 
22.382144 
22.416427 
2086.362428 
822.027862 
16.514412 
18.543153 
16.995909 
93.564319 
25.905476 
14.808067 
27.189844 
15.039295 
18.543153 
15.574304 
31.130933 
22.085473 
11.449409 
15.109094 
17.921801 
15.619135 
15.987957 
16.744424 
9.962469 
15.299950 
9.820243 
11.180736 
14.499703 
14.229039 
25.840724 
14.219153 
30.682812 
17.446728 
16.326859 
38.419722 
35.498160 
15.663514 
20.060132 
9.123030 
10.334213 
22.382144 
22.416427 
