2136.512790 
840.792345 
13.563794 
14.095942 
16.597165 
70.628825 
23.467974 
14.548381 
22.108911 
17.106597 
14.095942 
12.696025 
27.550068 
18.047217 
16.596400 
12.772103 
18.249032 
8.660898 
16.251361 
17.070810 
7.856886 
12.765114 
15.297035 
18.288864 
11.113445 
16.926983 
27.600533 
8.298576 
18.801797 
10.525613 
10.968500 
33.718132 
16.107768 
11.720586 
14.039959 
11.699937 
10.291389 
20.692826 
15.685636 
2136.512790 
840.792345 
13.563794 
14.095942 
16.597165 
70.628825 
23.467974 
14.548381 
22.108911 
17.106597 
14.095942 
12.696025 
27.550068 
18.047217 
16.596400 
12.772103 
18.249032 
8.660898 
16.251361 
17.070810 
7.856886 
12.765114 
15.297035 
18.288864 
11.113445 
16.926983 
27.600533 
8.298576 
18.801797 
10.525613 
10.968500 
33.718132 
16.107768 
11.720586 
14.039959 
11.699937 
10.291389 
20.692826 
15.685636 
2136.512790 
840.792345 
13.563794 
14.095942 
16.597165 
70.628825 
23.467974 
14.548381 
22.108911 
17.106597 
14.095942 
12.696025 
27.550068 
18.047217 
16.596400 
12.772103 
18.249032 
8.660898 
16.251361 
17.070810 
7.856886 
12.765114 
15.297035 
18.288864 
11.113445 
16.926983 
27.600533 
8.298576 
18.801797 
10.525613 
10.968500 
33.718132 
16.107768 
11.720586 
14.039959 
11.699937 
10.291389 
20.692826 
15.685636 
2136.512790 
840.792345 
13.563794 
14.095942 
16.597165 
70.628825 
23.467974 
14.548381 
22.108911 
17.106597 
14.095942 
12.696025 
27.550068 
18.047217 
16.596400 
12.772103 
18.249032 
8.660898 
16.251361 
17.070810 
7.856886 
12.765114 
15.297035 
18.288864 
11.113445 
16.926983 
27.600533 
8.298576 
18.801797 
10.525613 
10.968500 
33.718132 
16.107768 
11.720586 
14.039959 
11.699937 
10.291389 
20.692826 
15.685636 
2136.512790 
840.792345 
13.563794 
14.095942 
16.597165 
70.628825 
23.467974 
14.548381 
22.108911 
17.106597 
14.095942 
12.696025 
27.550068 
18.047217 
16.596400 
12.772103 
18.249032 
8.660898 
16.251361 
17.070810 
7.856886 
12.765114 
15.297035 
18.288864 
11.113445 
16.926983 
27.600533 
8.298576 
18.801797 
10.525613 
10.968500 
33.718132 
16.107768 
11.720586 
14.039959 
11.699937 
10.291389 
20.692826 
15.685636 
