2119.212647 
827.710306 
13.451856 
9.839200 
15.661452 
101.588647 
22.549961 
19.471946 
16.144715 
8.970299 
9.839200 
8.901706 
28.994375 
17.382669 
20.239707 
16.956264 
11.085588 
11.037517 
16.713790 
8.900331 
10.213552 
10.362577 
20.247287 
12.657461 
10.267184 
11.444089 
21.685052 
9.627426 
25.511491 
32.532605 
17.343475 
33.640756 
35.489322 
13.868028 
35.998534 
9.963618 
12.754049 
18.660039 
17.941365 
2119.212647 
827.710306 
13.451856 
9.839200 
15.661452 
101.588647 
22.549961 
19.471946 
16.144715 
8.970299 
9.839200 
8.901706 
28.994375 
17.382669 
20.239707 
16.956264 
11.085588 
11.037517 
16.713790 
8.900331 
10.213552 
10.362577 
20.247287 
12.657461 
10.267184 
11.444089 
21.685052 
9.627426 
25.511491 
32.532605 
17.343475 
33.640756 
35.489322 
13.868028 
35.998534 
9.963618 
12.754049 
18.660039 
17.941365 
2119.212647 
827.710306 
13.451856 
9.839200 
15.661452 
101.588647 
22.549961 
19.471946 
16.144715 
8.970299 
9.839200 
8.901706 
28.994375 
17.382669 
20.239707 
16.956264 
11.085588 
11.037517 
16.713790 
8.900331 
10.213552 
10.362577 
20.247287 
12.657461 
10.267184 
11.444089 
21.685052 
9.627426 
25.511491 
32.532605 
17.343475 
33.640756 
35.489322 
13.868028 
35.998534 
9.963618 
12.754049 
18.660039 
17.941365 
2119.212647 
827.710306 
13.451856 
9.839200 
15.661452 
101.588647 
22.549961 
19.471946 
16.144715 
8.970299 
9.839200 
8.901706 
28.994375 
17.382669 
20.239707 
16.956264 
11.085588 
11.037517 
16.713790 
8.900331 
10.213552 
10.362577 
20.247287 
12.657461 
10.267184 
11.444089 
21.685052 
9.627426 
25.511491 
32.532605 
17.343475 
33.640756 
35.489322 
13.868028 
35.998534 
9.963618 
12.754049 
18.660039 
17.941365 
2119.212647 
827.710306 
13.451856 
9.839200 
15.661452 
101.588647 
22.549961 
19.471946 
16.144715 
8.970299 
9.839200 
8.901706 
28.994375 
17.382669 
20.239707 
16.956264 
11.085588 
11.037517 
16.713790 
8.900331 
10.213552 
10.362577 
20.247287 
12.657461 
10.267184 
11.444089 
21.685052 
9.627426 
25.511491 
32.532605 
17.343475 
33.640756 
35.489322 
13.868028 
35.998534 
9.963618 
12.754049 
18.660039 
17.941365 
