2127.966646 
829.098333 
15.532015 
15.114845 
16.619833 
81.583785 
25.585576 
10.136090 
27.201822 
11.620973 
15.114845 
14.196752 
31.365008 
12.273356 
19.701105 
9.002620 
17.061848 
16.530419 
16.495914 
18.052046 
13.128777 
12.070166 
12.832798 
14.176750 
9.079122 
14.231214 
17.892177 
9.945796 
27.140019 
27.610250 
21.025597 
28.247254 
24.621982 
12.542441 
52.708109 
18.025050 
14.101737 
39.037604 
18.685390 
2127.966646 
829.098333 
15.532015 
15.114845 
16.619833 
81.583785 
25.585576 
10.136090 
27.201822 
11.620973 
15.114845 
14.196752 
31.365008 
12.273356 
19.701105 
9.002620 
17.061848 
16.530419 
16.495914 
18.052046 
13.128777 
12.070166 
12.832798 
14.176750 
9.079122 
14.231214 
17.892177 
9.945796 
27.140019 
27.610250 
21.025597 
28.247254 
24.621982 
12.542441 
52.708109 
18.025050 
14.101737 
39.037604 
18.685390 
2127.966646 
829.098333 
15.532015 
15.114845 
16.619833 
81.583785 
25.585576 
10.136090 
27.201822 
11.620973 
15.114845 
14.196752 
31.365008 
12.273356 
19.701105 
9.002620 
17.061848 
16.530419 
16.495914 
18.052046 
13.128777 
12.070166 
12.832798 
14.176750 
9.079122 
14.231214 
17.892177 
9.945796 
27.140019 
27.610250 
21.025597 
28.247254 
24.621982 
12.542441 
52.708109 
18.025050 
14.101737 
39.037604 
18.685390 
2127.966646 
829.098333 
15.532015 
15.114845 
16.619833 
81.583785 
25.585576 
10.136090 
27.201822 
11.620973 
15.114845 
14.196752 
31.365008 
12.273356 
19.701105 
9.002620 
17.061848 
16.530419 
16.495914 
18.052046 
13.128777 
12.070166 
12.832798 
14.176750 
9.079122 
14.231214 
17.892177 
9.945796 
27.140019 
27.610250 
21.025597 
28.247254 
24.621982 
12.542441 
52.708109 
18.025050 
14.101737 
39.037604 
18.685390 
2127.966646 
829.098333 
15.532015 
15.114845 
16.619833 
81.583785 
25.585576 
10.136090 
27.201822 
11.620973 
15.114845 
14.196752 
31.365008 
12.273356 
19.701105 
9.002620 
17.061848 
16.530419 
16.495914 
18.052046 
13.128777 
12.070166 
12.832798 
14.176750 
9.079122 
14.231214 
17.892177 
9.945796 
27.140019 
27.610250 
21.025597 
28.247254 
24.621982 
12.542441 
52.708109 
18.025050 
14.101737 
39.037604 
18.685390 
