2065.819706 
820.016626 
14.419742 
13.392063 
17.598338 
121.747634 
23.318137 
19.411800 
22.921240 
18.718778 
13.392063 
11.302492 
39.649081 
10.329399 
12.616070 
10.771894 
25.787730 
16.729116 
12.387991 
11.044326 
9.015960 
14.698603 
18.314250 
16.308377 
11.085745 
10.053871 
23.992429 
13.098121 
25.365553 
29.757929 
24.953300 
32.222326 
30.288462 
12.437601 
49.243225 
15.592659 
12.841166 
25.288693 
16.320302 
2065.819706 
820.016626 
14.419742 
13.392063 
17.598338 
121.747634 
23.318137 
19.411800 
22.921240 
18.718778 
13.392063 
11.302492 
39.649081 
10.329399 
12.616070 
10.771894 
25.787730 
16.729116 
12.387991 
11.044326 
9.015960 
14.698603 
18.314250 
16.308377 
11.085745 
10.053871 
23.992429 
13.098121 
25.365553 
29.757929 
24.953300 
32.222326 
30.288462 
12.437601 
49.243225 
15.592659 
12.841166 
25.288693 
16.320302 
2065.819706 
820.016626 
14.419742 
13.392063 
17.598338 
121.747634 
23.318137 
19.411800 
22.921240 
18.718778 
13.392063 
11.302492 
39.649081 
10.329399 
12.616070 
10.771894 
25.787730 
16.729116 
12.387991 
11.044326 
9.015960 
14.698603 
18.314250 
16.308377 
11.085745 
10.053871 
23.992429 
13.098121 
25.365553 
29.757929 
24.953300 
32.222326 
30.288462 
12.437601 
49.243225 
15.592659 
12.841166 
25.288693 
16.320302 
2065.819706 
820.016626 
14.419742 
13.392063 
17.598338 
121.747634 
23.318137 
19.411800 
22.921240 
18.718778 
13.392063 
11.302492 
39.649081 
10.329399 
12.616070 
10.771894 
25.787730 
16.729116 
12.387991 
11.044326 
9.015960 
14.698603 
18.314250 
16.308377 
11.085745 
10.053871 
23.992429 
13.098121 
25.365553 
29.757929 
24.953300 
32.222326 
30.288462 
12.437601 
49.243225 
15.592659 
12.841166 
25.288693 
16.320302 
2065.819706 
820.016626 
14.419742 
13.392063 
17.598338 
121.747634 
23.318137 
19.411800 
22.921240 
18.718778 
13.392063 
11.302492 
39.649081 
10.329399 
12.616070 
10.771894 
25.787730 
16.729116 
12.387991 
11.044326 
9.015960 
14.698603 
18.314250 
16.308377 
11.085745 
10.053871 
23.992429 
13.098121 
25.365553 
29.757929 
24.953300 
32.222326 
30.288462 
12.437601 
49.243225 
15.592659 
12.841166 
25.288693 
16.320302 
