2096.382459 
843.131874 
14.607859 
13.013224 
16.142366 
56.641442 
28.059701 
16.520174 
30.569408 
14.249667 
13.013224 
12.415268 
14.262613 
19.251427 
19.328335 
11.335867 
12.744660 
12.736016 
13.195030 
12.315480 
7.608809 
7.031332 
21.742320 
7.701873 
11.184110 
16.069014 
31.463434 
11.915483 
19.916885 
13.160317 
12.207216 
35.132853 
16.588285 
13.537138 
14.977223 
7.600116 
11.742301 
22.047639 
15.627946 
2096.382459 
843.131874 
14.607859 
13.013224 
16.142366 
56.641442 
28.059701 
16.520174 
30.569408 
14.249667 
13.013224 
12.415268 
14.262613 
19.251427 
19.328335 
11.335867 
12.744660 
12.736016 
13.195030 
12.315480 
7.608809 
7.031332 
21.742320 
7.701873 
11.184110 
16.069014 
31.463434 
11.915483 
19.916885 
13.160317 
12.207216 
35.132853 
16.588285 
13.537138 
14.977223 
7.600116 
11.742301 
22.047639 
15.627946 
2096.382459 
843.131874 
14.607859 
13.013224 
16.142366 
56.641442 
28.059701 
16.520174 
30.569408 
14.249667 
13.013224 
12.415268 
14.262613 
19.251427 
19.328335 
11.335867 
12.744660 
12.736016 
13.195030 
12.315480 
7.608809 
7.031332 
21.742320 
7.701873 
11.184110 
16.069014 
31.463434 
11.915483 
19.916885 
13.160317 
12.207216 
35.132853 
16.588285 
13.537138 
14.977223 
7.600116 
11.742301 
22.047639 
15.627946 
2096.382459 
843.131874 
14.607859 
13.013224 
16.142366 
56.641442 
28.059701 
16.520174 
30.569408 
14.249667 
13.013224 
12.415268 
14.262613 
19.251427 
19.328335 
11.335867 
12.744660 
12.736016 
13.195030 
12.315480 
7.608809 
7.031332 
21.742320 
7.701873 
11.184110 
16.069014 
31.463434 
11.915483 
19.916885 
13.160317 
12.207216 
35.132853 
16.588285 
13.537138 
14.977223 
7.600116 
11.742301 
22.047639 
15.627946 
2096.382459 
843.131874 
14.607859 
13.013224 
16.142366 
56.641442 
28.059701 
16.520174 
30.569408 
14.249667 
13.013224 
12.415268 
14.262613 
19.251427 
19.328335 
11.335867 
12.744660 
12.736016 
13.195030 
12.315480 
7.608809 
7.031332 
21.742320 
7.701873 
11.184110 
16.069014 
31.463434 
11.915483 
19.916885 
13.160317 
12.207216 
35.132853 
16.588285 
13.537138 
14.977223 
7.600116 
11.742301 
22.047639 
15.627946 
