2088.501332 
825.422276 
19.012841 
24.043352 
21.217252 
99.508160 
31.704166 
25.162578 
29.367949 
26.353130 
24.043352 
17.592214 
21.184312 
26.135499 
20.628661 
14.352090 
22.433724 
17.387131 
16.959102 
19.370315 
13.742832 
10.934408 
16.769491 
11.636191 
8.109144 
14.189663 
38.167227 
11.076915 
19.127547 
17.938523 
13.854851 
33.707812 
11.244901 
16.298703 
12.793056 
15.634572 
14.535145 
17.799022 
26.709048 
2088.501332 
825.422276 
19.012841 
24.043352 
21.217252 
99.508160 
31.704166 
25.162578 
29.367949 
26.353130 
24.043352 
17.592214 
21.184312 
26.135499 
20.628661 
14.352090 
22.433724 
17.387131 
16.959102 
19.370315 
13.742832 
10.934408 
16.769491 
11.636191 
8.109144 
14.189663 
38.167227 
11.076915 
19.127547 
17.938523 
13.854851 
33.707812 
11.244901 
16.298703 
12.793056 
15.634572 
14.535145 
17.799022 
26.709048 
2088.501332 
825.422276 
19.012841 
24.043352 
21.217252 
99.508160 
31.704166 
25.162578 
29.367949 
26.353130 
24.043352 
17.592214 
21.184312 
26.135499 
20.628661 
14.352090 
22.433724 
17.387131 
16.959102 
19.370315 
13.742832 
10.934408 
16.769491 
11.636191 
8.109144 
14.189663 
38.167227 
11.076915 
19.127547 
17.938523 
13.854851 
33.707812 
11.244901 
16.298703 
12.793056 
15.634572 
14.535145 
17.799022 
26.709048 
2088.501332 
825.422276 
19.012841 
24.043352 
21.217252 
99.508160 
31.704166 
25.162578 
29.367949 
26.353130 
24.043352 
17.592214 
21.184312 
26.135499 
20.628661 
14.352090 
22.433724 
17.387131 
16.959102 
19.370315 
13.742832 
10.934408 
16.769491 
11.636191 
8.109144 
14.189663 
38.167227 
11.076915 
19.127547 
17.938523 
13.854851 
33.707812 
11.244901 
16.298703 
12.793056 
15.634572 
14.535145 
17.799022 
26.709048 
2088.501332 
825.422276 
19.012841 
24.043352 
21.217252 
99.508160 
31.704166 
25.162578 
29.367949 
26.353130 
24.043352 
17.592214 
21.184312 
26.135499 
20.628661 
14.352090 
22.433724 
17.387131 
16.959102 
19.370315 
13.742832 
10.934408 
16.769491 
11.636191 
8.109144 
14.189663 
38.167227 
11.076915 
19.127547 
17.938523 
13.854851 
33.707812 
11.244901 
16.298703 
12.793056 
15.634572 
14.535145 
17.799022 
26.709048 
