1964.728380 
785.747769 
16.475008 
17.762274 
20.581305 
85.263179 
20.807226 
24.949348 
26.238654 
17.872727 
17.762274 
16.310862 
31.094647 
16.154422 
19.723772 
17.283545 
30.286553 
12.217694 
12.112746 
13.932045 
9.421881 
13.001815 
17.074024 
16.352095 
10.879964 
12.600633 
21.595628 
12.314243 
25.743285 
51.241875 
25.328641 
17.891755 
20.738938 
15.635949 
20.642054 
15.269352 
16.179893 
28.567946 
24.069871 
1964.728380 
785.747769 
16.475008 
17.762274 
20.581305 
85.263179 
20.807226 
24.949348 
26.238654 
17.872727 
17.762274 
16.310862 
31.094647 
16.154422 
19.723772 
17.283545 
30.286553 
12.217694 
12.112746 
13.932045 
9.421881 
13.001815 
17.074024 
16.352095 
10.879964 
12.600633 
21.595628 
12.314243 
25.743285 
51.241875 
25.328641 
17.891755 
20.738938 
15.635949 
20.642054 
15.269352 
16.179893 
28.567946 
24.069871 
1964.728380 
785.747769 
16.475008 
17.762274 
20.581305 
85.263179 
20.807226 
24.949348 
26.238654 
17.872727 
17.762274 
16.310862 
31.094647 
16.154422 
19.723772 
17.283545 
30.286553 
12.217694 
12.112746 
13.932045 
9.421881 
13.001815 
17.074024 
16.352095 
10.879964 
12.600633 
21.595628 
12.314243 
25.743285 
51.241875 
25.328641 
17.891755 
20.738938 
15.635949 
20.642054 
15.269352 
16.179893 
28.567946 
24.069871 
1964.728380 
785.747769 
16.475008 
17.762274 
20.581305 
85.263179 
20.807226 
24.949348 
26.238654 
17.872727 
17.762274 
16.310862 
31.094647 
16.154422 
19.723772 
17.283545 
30.286553 
12.217694 
12.112746 
13.932045 
9.421881 
13.001815 
17.074024 
16.352095 
10.879964 
12.600633 
21.595628 
12.314243 
25.743285 
51.241875 
25.328641 
17.891755 
20.738938 
15.635949 
20.642054 
15.269352 
16.179893 
28.567946 
24.069871 
1964.728380 
785.747769 
16.475008 
17.762274 
20.581305 
85.263179 
20.807226 
24.949348 
26.238654 
17.872727 
17.762274 
16.310862 
31.094647 
16.154422 
19.723772 
17.283545 
30.286553 
12.217694 
12.112746 
13.932045 
9.421881 
13.001815 
17.074024 
16.352095 
10.879964 
12.600633 
21.595628 
12.314243 
25.743285 
51.241875 
25.328641 
17.891755 
20.738938 
15.635949 
20.642054 
15.269352 
16.179893 
28.567946 
24.069871 
