1967.346835 
785.998733 
14.709472 
20.209113 
16.882950 
88.296190 
21.258280 
17.694526 
22.626135 
12.349271 
20.209113 
13.187260 
36.026745 
12.405413 
12.695890 
21.146510 
29.823076 
21.508991 
15.228882 
13.019613 
9.753275 
10.110201 
21.215836 
17.168022 
12.420206 
27.748739 
20.902946 
11.873122 
38.652390 
39.468989 
21.197192 
19.773160 
23.534445 
16.436407 
22.209950 
14.152683 
14.950392 
28.702959 
22.418101 
1967.346835 
785.998733 
14.709472 
20.209113 
16.882950 
88.296190 
21.258280 
17.694526 
22.626135 
12.349271 
20.209113 
13.187260 
36.026745 
12.405413 
12.695890 
21.146510 
29.823076 
21.508991 
15.228882 
13.019613 
9.753275 
10.110201 
21.215836 
17.168022 
12.420206 
27.748739 
20.902946 
11.873122 
38.652390 
39.468989 
21.197192 
19.773160 
23.534445 
16.436407 
22.209950 
14.152683 
14.950392 
28.702959 
22.418101 
1967.346835 
785.998733 
14.709472 
20.209113 
16.882950 
88.296190 
21.258280 
17.694526 
22.626135 
12.349271 
20.209113 
13.187260 
36.026745 
12.405413 
12.695890 
21.146510 
29.823076 
21.508991 
15.228882 
13.019613 
9.753275 
10.110201 
21.215836 
17.168022 
12.420206 
27.748739 
20.902946 
11.873122 
38.652390 
39.468989 
21.197192 
19.773160 
23.534445 
16.436407 
22.209950 
14.152683 
14.950392 
28.702959 
22.418101 
1967.346835 
785.998733 
14.709472 
20.209113 
16.882950 
88.296190 
21.258280 
17.694526 
22.626135 
12.349271 
20.209113 
13.187260 
36.026745 
12.405413 
12.695890 
21.146510 
29.823076 
21.508991 
15.228882 
13.019613 
9.753275 
10.110201 
21.215836 
17.168022 
12.420206 
27.748739 
20.902946 
11.873122 
38.652390 
39.468989 
21.197192 
19.773160 
23.534445 
16.436407 
22.209950 
14.152683 
14.950392 
28.702959 
22.418101 
1967.346835 
785.998733 
14.709472 
20.209113 
16.882950 
88.296190 
21.258280 
17.694526 
22.626135 
12.349271 
20.209113 
13.187260 
36.026745 
12.405413 
12.695890 
21.146510 
29.823076 
21.508991 
15.228882 
13.019613 
9.753275 
10.110201 
21.215836 
17.168022 
12.420206 
27.748739 
20.902946 
11.873122 
38.652390 
39.468989 
21.197192 
19.773160 
23.534445 
16.436407 
22.209950 
14.152683 
14.950392 
28.702959 
22.418101 
