1995.505706 
830.046986 
22.440566 
27.715730 
21.893840 
78.493519 
35.268251 
20.728562 
32.055021 
17.738759 
27.715730 
25.643631 
18.537579 
11.067266 
39.748514 
18.459327 
15.664841 
10.787030 
22.196122 
22.986344 
22.346090 
18.419798 
40.812709 
21.004716 
9.922372 
27.666667 
43.352597 
22.994596 
35.866206 
37.987147 
28.655710 
44.393257 
29.183195 
20.260471 
43.136804 
21.097443 
20.023884 
25.236656 
15.466855 
2080.541822 
835.014391 
14.980728 
18.775386 
22.704296 
101.640687 
24.721182 
27.988541 
27.371055 
27.449727 
18.775386 
20.288187 
29.885900 
12.672240 
24.540036 
15.539359 
20.287709 
16.838851 
20.495819 
20.135007 
15.184692 
9.453144 
11.663183 
16.908655 
11.806140 
16.025216 
12.861777 
13.789148 
19.725253 
14.447833 
21.852349 
12.331034 
13.129418 
15.365228 
20.527555 
16.675352 
12.045080 
16.111477 
12.700665 
2080.541822 
835.014391 
14.980728 
18.775386 
22.704296 
101.640687 
24.721182 
27.988541 
27.371055 
27.449727 
18.775386 
20.288187 
29.885900 
12.672240 
24.540036 
15.539359 
20.287709 
16.838851 
20.495819 
20.135007 
15.184692 
9.453144 
11.663183 
16.908655 
11.806140 
16.025216 
12.861777 
13.789148 
19.725253 
14.447833 
21.852349 
12.331034 
13.129418 
15.365228 
20.527555 
16.675352 
12.045080 
16.111477 
12.700665 
2080.541822 
835.014391 
14.980728 
18.775386 
22.704296 
101.640687 
24.721182 
27.988541 
27.371055 
27.449727 
18.775386 
20.288187 
29.885900 
12.672240 
24.540036 
15.539359 
20.287709 
16.838851 
20.495819 
20.135007 
15.184692 
9.453144 
11.663183 
16.908655 
11.806140 
16.025216 
12.861777 
13.789148 
19.725253 
14.447833 
21.852349 
12.331034 
13.129418 
15.365228 
20.527555 
16.675352 
12.045080 
16.111477 
12.700665 
2080.541822 
835.014391 
14.980728 
18.775386 
22.704296 
101.640687 
24.721182 
27.988541 
27.371055 
27.449727 
18.775386 
20.288187 
29.885900 
12.672240 
24.540036 
15.539359 
20.287709 
16.838851 
20.495819 
20.135007 
15.184692 
9.453144 
11.663183 
16.908655 
11.806140 
16.025216 
12.861777 
13.789148 
19.725253 
14.447833 
21.852349 
12.331034 
13.129418 
15.365228 
20.527555 
16.675352 
12.045080 
16.111477 
12.700665 
