1973.499844 
790.567894 
16.544311 
18.364213 
20.126159 
98.861540 
28.788845 
19.112537 
18.809130 
11.217539 
18.364213 
18.654370 
27.698348 
19.232509 
21.229823 
13.594337 
22.469012 
22.780252 
19.951427 
13.084463 
7.667218 
12.676947 
17.524889 
11.973841 
10.390800 
11.055458 
14.817169 
14.195315 
21.775939 
43.872724 
26.946788 
14.984398 
15.040105 
15.815937 
26.038752 
14.225679 
13.132182 
29.256571 
21.533563 
1973.499844 
790.567894 
16.544311 
18.364213 
20.126159 
98.861540 
28.788845 
19.112537 
18.809130 
11.217539 
18.364213 
18.654370 
27.698348 
19.232509 
21.229823 
13.594337 
22.469012 
22.780252 
19.951427 
13.084463 
7.667218 
12.676947 
17.524889 
11.973841 
10.390800 
11.055458 
14.817169 
14.195315 
21.775939 
43.872724 
26.946788 
14.984398 
15.040105 
15.815937 
26.038752 
14.225679 
13.132182 
29.256571 
21.533563 
1973.499844 
790.567894 
16.544311 
18.364213 
20.126159 
98.861540 
28.788845 
19.112537 
18.809130 
11.217539 
18.364213 
18.654370 
27.698348 
19.232509 
21.229823 
13.594337 
22.469012 
22.780252 
19.951427 
13.084463 
7.667218 
12.676947 
17.524889 
11.973841 
10.390800 
11.055458 
14.817169 
14.195315 
21.775939 
43.872724 
26.946788 
14.984398 
15.040105 
15.815937 
26.038752 
14.225679 
13.132182 
29.256571 
21.533563 
1973.499844 
790.567894 
16.544311 
18.364213 
20.126159 
98.861540 
28.788845 
19.112537 
18.809130 
11.217539 
18.364213 
18.654370 
27.698348 
19.232509 
21.229823 
13.594337 
22.469012 
22.780252 
19.951427 
13.084463 
7.667218 
12.676947 
17.524889 
11.973841 
10.390800 
11.055458 
14.817169 
14.195315 
21.775939 
43.872724 
26.946788 
14.984398 
15.040105 
15.815937 
26.038752 
14.225679 
13.132182 
29.256571 
21.533563 
1973.499844 
790.567894 
16.544311 
18.364213 
20.126159 
98.861540 
28.788845 
19.112537 
18.809130 
11.217539 
18.364213 
18.654370 
27.698348 
19.232509 
21.229823 
13.594337 
22.469012 
22.780252 
19.951427 
13.084463 
7.667218 
12.676947 
17.524889 
11.973841 
10.390800 
11.055458 
14.817169 
14.195315 
21.775939 
43.872724 
26.946788 
14.984398 
15.040105 
15.815937 
26.038752 
14.225679 
13.132182 
29.256571 
21.533563 
