2050.255240 
819.838106 
13.463475 
17.935188 
18.375755 
122.093150 
31.433127 
23.266286 
19.508070 
15.587109 
17.935188 
11.105868 
43.271916 
16.731412 
14.661444 
14.711305 
30.582497 
20.257847 
11.753832 
14.015591 
9.018696 
9.341324 
18.813460 
17.643399 
11.664211 
16.522627 
14.407657 
12.019371 
21.774176 
26.497219 
20.204970 
13.645029 
18.455501 
14.031869 
14.781426 
16.277241 
14.078670 
27.575062 
18.272264 
2050.255240 
819.838106 
13.463475 
17.935188 
18.375755 
122.093150 
31.433127 
23.266286 
19.508070 
15.587109 
17.935188 
11.105868 
43.271916 
16.731412 
14.661444 
14.711305 
30.582497 
20.257847 
11.753832 
14.015591 
9.018696 
9.341324 
18.813460 
17.643399 
11.664211 
16.522627 
14.407657 
12.019371 
21.774176 
26.497219 
20.204970 
13.645029 
18.455501 
14.031869 
14.781426 
16.277241 
14.078670 
27.575062 
18.272264 
2050.255240 
819.838106 
13.463475 
17.935188 
18.375755 
122.093150 
31.433127 
23.266286 
19.508070 
15.587109 
17.935188 
11.105868 
43.271916 
16.731412 
14.661444 
14.711305 
30.582497 
20.257847 
11.753832 
14.015591 
9.018696 
9.341324 
18.813460 
17.643399 
11.664211 
16.522627 
14.407657 
12.019371 
21.774176 
26.497219 
20.204970 
13.645029 
18.455501 
14.031869 
14.781426 
16.277241 
14.078670 
27.575062 
18.272264 
2050.255240 
819.838106 
13.463475 
17.935188 
18.375755 
122.093150 
31.433127 
23.266286 
19.508070 
15.587109 
17.935188 
11.105868 
43.271916 
16.731412 
14.661444 
14.711305 
30.582497 
20.257847 
11.753832 
14.015591 
9.018696 
9.341324 
18.813460 
17.643399 
11.664211 
16.522627 
14.407657 
12.019371 
21.774176 
26.497219 
20.204970 
13.645029 
18.455501 
14.031869 
14.781426 
16.277241 
14.078670 
27.575062 
18.272264 
2050.255240 
819.838106 
13.463475 
17.935188 
18.375755 
122.093150 
31.433127 
23.266286 
19.508070 
15.587109 
17.935188 
11.105868 
43.271916 
16.731412 
14.661444 
14.711305 
30.582497 
20.257847 
11.753832 
14.015591 
9.018696 
9.341324 
18.813460 
17.643399 
11.664211 
16.522627 
14.407657 
12.019371 
21.774176 
26.497219 
20.204970 
13.645029 
18.455501 
14.031869 
14.781426 
16.277241 
14.078670 
27.575062 
18.272264 
