1995.505706 
830.046986 
22.440566 
27.715730 
21.893840 
78.493519 
35.268251 
20.728562 
32.055021 
17.738759 
27.715730 
25.643631 
18.537579 
11.067266 
39.748514 
18.459327 
15.664841 
10.787030 
22.196122 
22.986344 
22.346090 
18.419798 
40.812709 
21.004716 
9.922372 
27.666667 
43.352597 
22.994596 
35.866206 
37.987147 
28.655710 
44.393257 
29.183195 
20.260471 
43.136804 
21.097443 
20.023884 
25.236656 
15.466855 
2002.380797 
797.167055 
15.906340 
15.110953 
20.603575 
90.142378 
28.276762 
31.793698 
28.567389 
21.245986 
15.110953 
23.446496 
62.630306 
20.081125 
22.652556 
18.309703 
28.883967 
34.637887 
20.918035 
13.158934 
13.040896 
10.404307 
13.932077 
12.772740 
11.066092 
15.913649 
16.000773 
15.806836 
29.558803 
35.438487 
27.272421 
15.853907 
14.209233 
14.346933 
18.426413 
17.450369 
14.984195 
19.860448 
19.060773 
2002.380797 
797.167055 
15.906340 
15.110953 
20.603575 
90.142378 
28.276762 
31.793698 
28.567389 
21.245986 
15.110953 
23.446496 
62.630306 
20.081125 
22.652556 
18.309703 
28.883967 
34.637887 
20.918035 
13.158934 
13.040896 
10.404307 
13.932077 
12.772740 
11.066092 
15.913649 
16.000773 
15.806836 
29.558803 
35.438487 
27.272421 
15.853907 
14.209233 
14.346933 
18.426413 
17.450369 
14.984195 
19.860448 
19.060773 
2002.380797 
797.167055 
15.906340 
15.110953 
20.603575 
90.142378 
28.276762 
31.793698 
28.567389 
21.245986 
15.110953 
23.446496 
62.630306 
20.081125 
22.652556 
18.309703 
28.883967 
34.637887 
20.918035 
13.158934 
13.040896 
10.404307 
13.932077 
12.772740 
11.066092 
15.913649 
16.000773 
15.806836 
29.558803 
35.438487 
27.272421 
15.853907 
14.209233 
14.346933 
18.426413 
17.450369 
14.984195 
19.860448 
19.060773 
2002.380797 
797.167055 
15.906340 
15.110953 
20.603575 
90.142378 
28.276762 
31.793698 
28.567389 
21.245986 
15.110953 
23.446496 
62.630306 
20.081125 
22.652556 
18.309703 
28.883967 
34.637887 
20.918035 
13.158934 
13.040896 
10.404307 
13.932077 
12.772740 
11.066092 
15.913649 
16.000773 
15.806836 
29.558803 
35.438487 
27.272421 
15.853907 
14.209233 
14.346933 
18.426413 
17.450369 
14.984195 
19.860448 
19.060773 
