2006.772179 
811.862577 
14.968923 
16.141273 
21.498527 
89.468407 
29.154650 
30.929853 
19.069988 
22.810912 
16.141273 
11.847342 
57.809678 
15.747644 
14.892254 
15.532942 
24.408426 
29.043358 
17.116998 
11.664086 
11.176884 
9.113068 
15.310781 
20.643431 
11.349331 
13.992879 
11.719392 
12.762638 
28.722582 
27.004475 
21.245438 
11.394699 
24.890151 
14.238916 
13.030198 
9.577209 
12.273596 
15.871893 
20.245980 
2006.772179 
811.862577 
14.968923 
16.141273 
21.498527 
89.468407 
29.154650 
30.929853 
19.069988 
22.810912 
16.141273 
11.847342 
57.809678 
15.747644 
14.892254 
15.532942 
24.408426 
29.043358 
17.116998 
11.664086 
11.176884 
9.113068 
15.310781 
20.643431 
11.349331 
13.992879 
11.719392 
12.762638 
28.722582 
27.004475 
21.245438 
11.394699 
24.890151 
14.238916 
13.030198 
9.577209 
12.273596 
15.871893 
20.245980 
2006.772179 
811.862577 
14.968923 
16.141273 
21.498527 
89.468407 
29.154650 
30.929853 
19.069988 
22.810912 
16.141273 
11.847342 
57.809678 
15.747644 
14.892254 
15.532942 
24.408426 
29.043358 
17.116998 
11.664086 
11.176884 
9.113068 
15.310781 
20.643431 
11.349331 
13.992879 
11.719392 
12.762638 
28.722582 
27.004475 
21.245438 
11.394699 
24.890151 
14.238916 
13.030198 
9.577209 
12.273596 
15.871893 
20.245980 
2006.772179 
811.862577 
14.968923 
16.141273 
21.498527 
89.468407 
29.154650 
30.929853 
19.069988 
22.810912 
16.141273 
11.847342 
57.809678 
15.747644 
14.892254 
15.532942 
24.408426 
29.043358 
17.116998 
11.664086 
11.176884 
9.113068 
15.310781 
20.643431 
11.349331 
13.992879 
11.719392 
12.762638 
28.722582 
27.004475 
21.245438 
11.394699 
24.890151 
14.238916 
13.030198 
9.577209 
12.273596 
15.871893 
20.245980 
2006.772179 
811.862577 
14.968923 
16.141273 
21.498527 
89.468407 
29.154650 
30.929853 
19.069988 
22.810912 
16.141273 
11.847342 
57.809678 
15.747644 
14.892254 
15.532942 
24.408426 
29.043358 
17.116998 
11.664086 
11.176884 
9.113068 
15.310781 
20.643431 
11.349331 
13.992879 
11.719392 
12.762638 
28.722582 
27.004475 
21.245438 
11.394699 
24.890151 
14.238916 
13.030198 
9.577209 
12.273596 
15.871893 
20.245980 
