1995.505706 
830.046986 
22.440566 
27.715730 
21.893840 
78.493519 
35.268251 
20.728562 
32.055021 
17.738759 
27.715730 
25.643631 
18.537579 
11.067266 
39.748514 
18.459327 
15.664841 
10.787030 
22.196122 
22.986344 
22.346090 
18.419798 
40.812709 
21.004716 
9.922372 
27.666667 
43.352597 
22.994596 
35.866206 
37.987147 
28.655710 
44.393257 
29.183195 
20.260471 
43.136804 
21.097443 
20.023884 
25.236656 
15.466855 
2099.733253 
830.330860 
16.141116 
13.567315 
19.496800 
90.839082 
34.733784 
18.104589 
39.398133 
16.035347 
13.567315 
17.007306 
38.101751 
20.014070 
24.062006 
21.680860 
21.687205 
17.448881 
20.867512 
14.591889 
16.331191 
14.750072 
14.991262 
10.811415 
8.003199 
13.539212 
13.873165 
12.602089 
21.875411 
13.258348 
21.341284 
15.386905 
17.451233 
15.844337 
20.859647 
15.479406 
13.168031 
16.156553 
10.012815 
2099.733253 
830.330860 
16.141116 
13.567315 
19.496800 
90.839082 
34.733784 
18.104589 
39.398133 
16.035347 
13.567315 
17.007306 
38.101751 
20.014070 
24.062006 
21.680860 
21.687205 
17.448881 
20.867512 
14.591889 
16.331191 
14.750072 
14.991262 
10.811415 
8.003199 
13.539212 
13.873165 
12.602089 
21.875411 
13.258348 
21.341284 
15.386905 
17.451233 
15.844337 
20.859647 
15.479406 
13.168031 
16.156553 
10.012815 
2099.733253 
830.330860 
16.141116 
13.567315 
19.496800 
90.839082 
34.733784 
18.104589 
39.398133 
16.035347 
13.567315 
17.007306 
38.101751 
20.014070 
24.062006 
21.680860 
21.687205 
17.448881 
20.867512 
14.591889 
16.331191 
14.750072 
14.991262 
10.811415 
8.003199 
13.539212 
13.873165 
12.602089 
21.875411 
13.258348 
21.341284 
15.386905 
17.451233 
15.844337 
20.859647 
15.479406 
13.168031 
16.156553 
10.012815 
2099.733253 
830.330860 
16.141116 
13.567315 
19.496800 
90.839082 
34.733784 
18.104589 
39.398133 
16.035347 
13.567315 
17.007306 
38.101751 
20.014070 
24.062006 
21.680860 
21.687205 
17.448881 
20.867512 
14.591889 
16.331191 
14.750072 
14.991262 
10.811415 
8.003199 
13.539212 
13.873165 
12.602089 
21.875411 
13.258348 
21.341284 
15.386905 
17.451233 
15.844337 
20.859647 
15.479406 
13.168031 
16.156553 
10.012815 
