1995.505706 
830.046986 
22.440566 
27.715730 
21.893840 
78.493519 
35.268251 
20.728562 
32.055021 
17.738759 
27.715730 
25.643631 
18.537579 
11.067266 
39.748514 
18.459327 
15.664841 
10.787030 
22.196122 
22.986344 
22.346090 
18.419798 
40.812709 
21.004716 
9.922372 
27.666667 
43.352597 
22.994596 
35.866206 
37.987147 
28.655710 
44.393257 
29.183195 
20.260471 
43.136804 
21.097443 
20.023884 
25.236656 
15.466855 
1975.314463 
775.817934 
13.916517 
15.301575 
17.985715 
108.868940 
22.551992 
24.129126 
23.845154 
14.024705 
15.301575 
14.597138 
37.593914 
16.601577 
20.301221 
15.574433 
16.608822 
12.881179 
22.173555 
14.326771 
6.981985 
11.460789 
12.206074 
14.079789 
12.385008 
17.457252 
13.075208 
12.800250 
26.253634 
26.263386 
23.527694 
14.647458 
15.915548 
15.285265 
13.421413 
12.942646 
12.267920 
23.713930 
22.665752 
1975.314463 
775.817934 
13.916517 
15.301575 
17.985715 
108.868940 
22.551992 
24.129126 
23.845154 
14.024705 
15.301575 
14.597138 
37.593914 
16.601577 
20.301221 
15.574433 
16.608822 
12.881179 
22.173555 
14.326771 
6.981985 
11.460789 
12.206074 
14.079789 
12.385008 
17.457252 
13.075208 
12.800250 
26.253634 
26.263386 
23.527694 
14.647458 
15.915548 
15.285265 
13.421413 
12.942646 
12.267920 
23.713930 
22.665752 
1975.314463 
775.817934 
13.916517 
15.301575 
17.985715 
108.868940 
22.551992 
24.129126 
23.845154 
14.024705 
15.301575 
14.597138 
37.593914 
16.601577 
20.301221 
15.574433 
16.608822 
12.881179 
22.173555 
14.326771 
6.981985 
11.460789 
12.206074 
14.079789 
12.385008 
17.457252 
13.075208 
12.800250 
26.253634 
26.263386 
23.527694 
14.647458 
15.915548 
15.285265 
13.421413 
12.942646 
12.267920 
23.713930 
22.665752 
1975.314463 
775.817934 
13.916517 
15.301575 
17.985715 
108.868940 
22.551992 
24.129126 
23.845154 
14.024705 
15.301575 
14.597138 
37.593914 
16.601577 
20.301221 
15.574433 
16.608822 
12.881179 
22.173555 
14.326771 
6.981985 
11.460789 
12.206074 
14.079789 
12.385008 
17.457252 
13.075208 
12.800250 
26.253634 
26.263386 
23.527694 
14.647458 
15.915548 
15.285265 
13.421413 
12.942646 
12.267920 
23.713930 
22.665752 
