1995.505706 
830.046986 
22.440566 
27.715730 
21.893840 
78.493519 
35.268251 
20.728562 
32.055021 
17.738759 
27.715730 
25.643631 
18.537579 
11.067266 
39.748514 
18.459327 
15.664841 
10.787030 
22.196122 
22.986344 
22.346090 
18.419798 
40.812709 
21.004716 
9.922372 
27.666667 
43.352597 
22.994596 
35.866206 
37.987147 
28.655710 
44.393257 
29.183195 
20.260471 
43.136804 
21.097443 
20.023884 
25.236656 
15.466855 
2013.036154 
798.756062 
15.239541 
16.206014 
20.900088 
67.860455 
32.640724 
19.735402 
24.140148 
26.360839 
16.206014 
16.539004 
47.709899 
14.740229 
22.415808 
16.256450 
28.049498 
32.020789 
19.669242 
11.460540 
10.211652 
8.214400 
10.675093 
19.569563 
13.305787 
14.667628 
13.462009 
10.769461 
32.764647 
25.225616 
24.960129 
14.564662 
24.882377 
14.916553 
8.695619 
19.765935 
15.063249 
22.449118 
17.581876 
2013.036154 
798.756062 
15.239541 
16.206014 
20.900088 
67.860455 
32.640724 
19.735402 
24.140148 
26.360839 
16.206014 
16.539004 
47.709899 
14.740229 
22.415808 
16.256450 
28.049498 
32.020789 
19.669242 
11.460540 
10.211652 
8.214400 
10.675093 
19.569563 
13.305787 
14.667628 
13.462009 
10.769461 
32.764647 
25.225616 
24.960129 
14.564662 
24.882377 
14.916553 
8.695619 
19.765935 
15.063249 
22.449118 
17.581876 
2013.036154 
798.756062 
15.239541 
16.206014 
20.900088 
67.860455 
32.640724 
19.735402 
24.140148 
26.360839 
16.206014 
16.539004 
47.709899 
14.740229 
22.415808 
16.256450 
28.049498 
32.020789 
19.669242 
11.460540 
10.211652 
8.214400 
10.675093 
19.569563 
13.305787 
14.667628 
13.462009 
10.769461 
32.764647 
25.225616 
24.960129 
14.564662 
24.882377 
14.916553 
8.695619 
19.765935 
15.063249 
22.449118 
17.581876 
2013.036154 
798.756062 
15.239541 
16.206014 
20.900088 
67.860455 
32.640724 
19.735402 
24.140148 
26.360839 
16.206014 
16.539004 
47.709899 
14.740229 
22.415808 
16.256450 
28.049498 
32.020789 
19.669242 
11.460540 
10.211652 
8.214400 
10.675093 
19.569563 
13.305787 
14.667628 
13.462009 
10.769461 
32.764647 
25.225616 
24.960129 
14.564662 
24.882377 
14.916553 
8.695619 
19.765935 
15.063249 
22.449118 
17.581876 
