1995.505706 
830.046986 
22.440566 
27.715730 
21.893840 
78.493519 
35.268251 
20.728562 
32.055021 
17.738759 
27.715730 
25.643631 
18.537579 
11.067266 
39.748514 
18.459327 
15.664841 
10.787030 
22.196122 
22.986344 
22.346090 
18.419798 
40.812709 
21.004716 
9.922372 
27.666667 
43.352597 
22.994596 
35.866206 
37.987147 
28.655710 
44.393257 
29.183195 
20.260471 
43.136804 
21.097443 
20.023884 
25.236656 
15.466855 
2081.916934 
847.198684 
14.374489 
18.171552 
19.099433 
68.814612 
22.013849 
23.309670 
27.871959 
18.773449 
18.171552 
7.971775 
47.487670 
16.252161 
11.530602 
10.180084 
38.797935 
28.401951 
20.030364 
8.150931 
8.113694 
12.405947 
16.388246 
20.373879 
10.059153 
25.799527 
18.172210 
8.382271 
40.014094 
28.716803 
19.290048 
16.634212 
23.620750 
13.386963 
17.024716 
14.220388 
12.511696 
31.559700 
22.844245 
2081.916934 
847.198684 
14.374489 
18.171552 
19.099433 
68.814612 
22.013849 
23.309670 
27.871959 
18.773449 
18.171552 
7.971775 
47.487670 
16.252161 
11.530602 
10.180084 
38.797935 
28.401951 
20.030364 
8.150931 
8.113694 
12.405947 
16.388246 
20.373879 
10.059153 
25.799527 
18.172210 
8.382271 
40.014094 
28.716803 
19.290048 
16.634212 
23.620750 
13.386963 
17.024716 
14.220388 
12.511696 
31.559700 
22.844245 
2081.916934 
847.198684 
14.374489 
18.171552 
19.099433 
68.814612 
22.013849 
23.309670 
27.871959 
18.773449 
18.171552 
7.971775 
47.487670 
16.252161 
11.530602 
10.180084 
38.797935 
28.401951 
20.030364 
8.150931 
8.113694 
12.405947 
16.388246 
20.373879 
10.059153 
25.799527 
18.172210 
8.382271 
40.014094 
28.716803 
19.290048 
16.634212 
23.620750 
13.386963 
17.024716 
14.220388 
12.511696 
31.559700 
22.844245 
2081.916934 
847.198684 
14.374489 
18.171552 
19.099433 
68.814612 
22.013849 
23.309670 
27.871959 
18.773449 
18.171552 
7.971775 
47.487670 
16.252161 
11.530602 
10.180084 
38.797935 
28.401951 
20.030364 
8.150931 
8.113694 
12.405947 
16.388246 
20.373879 
10.059153 
25.799527 
18.172210 
8.382271 
40.014094 
28.716803 
19.290048 
16.634212 
23.620750 
13.386963 
17.024716 
14.220388 
12.511696 
31.559700 
22.844245 
