1995.505706 
830.046986 
22.440566 
27.715730 
21.893840 
78.493519 
35.268251 
20.728562 
32.055021 
17.738759 
27.715730 
25.643631 
18.537579 
11.067266 
39.748514 
18.459327 
15.664841 
10.787030 
22.196122 
22.986344 
22.346090 
18.419798 
40.812709 
21.004716 
9.922372 
27.666667 
43.352597 
22.994596 
35.866206 
37.987147 
28.655710 
44.393257 
29.183195 
20.260471 
43.136804 
21.097443 
20.023884 
25.236656 
15.466855 
2070.739493 
841.162380 
15.469153 
12.768554 
21.018363 
117.168458 
35.999421 
27.132261 
15.692801 
25.132958 
12.768554 
18.501592 
26.363885 
17.388394 
17.469313 
15.921655 
24.412859 
18.441458 
14.654815 
13.780509 
8.541500 
10.744039 
18.255184 
19.570922 
11.724515 
29.641312 
19.717826 
17.052731 
21.039179 
24.798393 
27.295735 
17.867317 
12.056146 
15.146763 
21.394745 
20.520516 
14.949787 
28.288018 
22.047581 
2070.739493 
841.162380 
15.469153 
12.768554 
21.018363 
117.168458 
35.999421 
27.132261 
15.692801 
25.132958 
12.768554 
18.501592 
26.363885 
17.388394 
17.469313 
15.921655 
24.412859 
18.441458 
14.654815 
13.780509 
8.541500 
10.744039 
18.255184 
19.570922 
11.724515 
29.641312 
19.717826 
17.052731 
21.039179 
24.798393 
27.295735 
17.867317 
12.056146 
15.146763 
21.394745 
20.520516 
14.949787 
28.288018 
22.047581 
2070.739493 
841.162380 
15.469153 
12.768554 
21.018363 
117.168458 
35.999421 
27.132261 
15.692801 
25.132958 
12.768554 
18.501592 
26.363885 
17.388394 
17.469313 
15.921655 
24.412859 
18.441458 
14.654815 
13.780509 
8.541500 
10.744039 
18.255184 
19.570922 
11.724515 
29.641312 
19.717826 
17.052731 
21.039179 
24.798393 
27.295735 
17.867317 
12.056146 
15.146763 
21.394745 
20.520516 
14.949787 
28.288018 
22.047581 
2070.739493 
841.162380 
15.469153 
12.768554 
21.018363 
117.168458 
35.999421 
27.132261 
15.692801 
25.132958 
12.768554 
18.501592 
26.363885 
17.388394 
17.469313 
15.921655 
24.412859 
18.441458 
14.654815 
13.780509 
8.541500 
10.744039 
18.255184 
19.570922 
11.724515 
29.641312 
19.717826 
17.052731 
21.039179 
24.798393 
27.295735 
17.867317 
12.056146 
15.146763 
21.394745 
20.520516 
14.949787 
28.288018 
22.047581 
