2028.955984 
813.088052 
13.983539 
24.017951 
20.669529 
172.678394 
21.160404 
19.280814 
17.185724 
16.996169 
24.017951 
16.840567 
55.078627 
16.073611 
20.448908 
12.372668 
23.658944 
18.882481 
19.124628 
15.532428 
8.668796 
8.190532 
11.243400 
19.293826 
10.409886 
11.599637 
11.728506 
10.383211 
25.641147 
21.811591 
19.229882 
11.676941 
11.570519 
12.662692 
19.213613 
12.730040 
11.423745 
15.080903 
23.754462 
2028.955984 
813.088052 
13.983539 
24.017951 
20.669529 
172.678394 
21.160404 
19.280814 
17.185724 
16.996169 
24.017951 
16.840567 
55.078627 
16.073611 
20.448908 
12.372668 
23.658944 
18.882481 
19.124628 
15.532428 
8.668796 
8.190532 
11.243400 
19.293826 
10.409886 
11.599637 
11.728506 
10.383211 
25.641147 
21.811591 
19.229882 
11.676941 
11.570519 
12.662692 
19.213613 
12.730040 
11.423745 
15.080903 
23.754462 
2028.955984 
813.088052 
13.983539 
24.017951 
20.669529 
172.678394 
21.160404 
19.280814 
17.185724 
16.996169 
24.017951 
16.840567 
55.078627 
16.073611 
20.448908 
12.372668 
23.658944 
18.882481 
19.124628 
15.532428 
8.668796 
8.190532 
11.243400 
19.293826 
10.409886 
11.599637 
11.728506 
10.383211 
25.641147 
21.811591 
19.229882 
11.676941 
11.570519 
12.662692 
19.213613 
12.730040 
11.423745 
15.080903 
23.754462 
2028.955984 
813.088052 
13.983539 
24.017951 
20.669529 
172.678394 
21.160404 
19.280814 
17.185724 
16.996169 
24.017951 
16.840567 
55.078627 
16.073611 
20.448908 
12.372668 
23.658944 
18.882481 
19.124628 
15.532428 
8.668796 
8.190532 
11.243400 
19.293826 
10.409886 
11.599637 
11.728506 
10.383211 
25.641147 
21.811591 
19.229882 
11.676941 
11.570519 
12.662692 
19.213613 
12.730040 
11.423745 
15.080903 
23.754462 
2028.955984 
813.088052 
13.983539 
24.017951 
20.669529 
172.678394 
21.160404 
19.280814 
17.185724 
16.996169 
24.017951 
16.840567 
55.078627 
16.073611 
20.448908 
12.372668 
23.658944 
18.882481 
19.124628 
15.532428 
8.668796 
8.190532 
11.243400 
19.293826 
10.409886 
11.599637 
11.728506 
10.383211 
25.641147 
21.811591 
19.229882 
11.676941 
11.570519 
12.662692 
19.213613 
12.730040 
11.423745 
15.080903 
23.754462 
