1987.828769 
782.970190 
15.702477 
16.480862 
20.023479 
101.874842 
21.218413 
26.995472 
19.307107 
14.003395 
16.480862 
11.320038 
23.940177 
16.041475 
20.523729 
17.029371 
16.400804 
15.113601 
18.385080 
17.689621 
8.895837 
11.971579 
10.125680 
9.990797 
13.386630 
13.436893 
16.994817 
12.517337 
29.779872 
19.528019 
22.035459 
20.386562 
24.919452 
16.061346 
20.430667 
16.271022 
13.864188 
28.062982 
28.291671 
1987.828769 
782.970190 
15.702477 
16.480862 
20.023479 
101.874842 
21.218413 
26.995472 
19.307107 
14.003395 
16.480862 
11.320038 
23.940177 
16.041475 
20.523729 
17.029371 
16.400804 
15.113601 
18.385080 
17.689621 
8.895837 
11.971579 
10.125680 
9.990797 
13.386630 
13.436893 
16.994817 
12.517337 
29.779872 
19.528019 
22.035459 
20.386562 
24.919452 
16.061346 
20.430667 
16.271022 
13.864188 
28.062982 
28.291671 
1987.828769 
782.970190 
15.702477 
16.480862 
20.023479 
101.874842 
21.218413 
26.995472 
19.307107 
14.003395 
16.480862 
11.320038 
23.940177 
16.041475 
20.523729 
17.029371 
16.400804 
15.113601 
18.385080 
17.689621 
8.895837 
11.971579 
10.125680 
9.990797 
13.386630 
13.436893 
16.994817 
12.517337 
29.779872 
19.528019 
22.035459 
20.386562 
24.919452 
16.061346 
20.430667 
16.271022 
13.864188 
28.062982 
28.291671 
1987.828769 
782.970190 
15.702477 
16.480862 
20.023479 
101.874842 
21.218413 
26.995472 
19.307107 
14.003395 
16.480862 
11.320038 
23.940177 
16.041475 
20.523729 
17.029371 
16.400804 
15.113601 
18.385080 
17.689621 
8.895837 
11.971579 
10.125680 
9.990797 
13.386630 
13.436893 
16.994817 
12.517337 
29.779872 
19.528019 
22.035459 
20.386562 
24.919452 
16.061346 
20.430667 
16.271022 
13.864188 
28.062982 
28.291671 
1987.828769 
782.970190 
15.702477 
16.480862 
20.023479 
101.874842 
21.218413 
26.995472 
19.307107 
14.003395 
16.480862 
11.320038 
23.940177 
16.041475 
20.523729 
17.029371 
16.400804 
15.113601 
18.385080 
17.689621 
8.895837 
11.971579 
10.125680 
9.990797 
13.386630 
13.436893 
16.994817 
12.517337 
29.779872 
19.528019 
22.035459 
20.386562 
24.919452 
16.061346 
20.430667 
16.271022 
13.864188 
28.062982 
28.291671 
