2004.653987 
804.946978 
14.921394 
18.783105 
19.646349 
98.664968 
26.790978 
21.214848 
16.561305 
15.469533 
18.783105 
15.060873 
37.609467 
20.587971 
24.521545 
11.426857 
17.005319 
14.396150 
22.231174 
14.390867 
9.231304 
13.473070 
16.610690 
17.873107 
10.615263 
12.101596 
12.054984 
11.673602 
28.775367 
26.884828 
23.075347 
13.336872 
20.471507 
13.129805 
15.807657 
9.372593 
12.330588 
20.704845 
21.036467 
2004.653987 
804.946978 
14.921394 
18.783105 
19.646349 
98.664968 
26.790978 
21.214848 
16.561305 
15.469533 
18.783105 
15.060873 
37.609467 
20.587971 
24.521545 
11.426857 
17.005319 
14.396150 
22.231174 
14.390867 
9.231304 
13.473070 
16.610690 
17.873107 
10.615263 
12.101596 
12.054984 
11.673602 
28.775367 
26.884828 
23.075347 
13.336872 
20.471507 
13.129805 
15.807657 
9.372593 
12.330588 
20.704845 
21.036467 
2004.653987 
804.946978 
14.921394 
18.783105 
19.646349 
98.664968 
26.790978 
21.214848 
16.561305 
15.469533 
18.783105 
15.060873 
37.609467 
20.587971 
24.521545 
11.426857 
17.005319 
14.396150 
22.231174 
14.390867 
9.231304 
13.473070 
16.610690 
17.873107 
10.615263 
12.101596 
12.054984 
11.673602 
28.775367 
26.884828 
23.075347 
13.336872 
20.471507 
13.129805 
15.807657 
9.372593 
12.330588 
20.704845 
21.036467 
2004.653987 
804.946978 
14.921394 
18.783105 
19.646349 
98.664968 
26.790978 
21.214848 
16.561305 
15.469533 
18.783105 
15.060873 
37.609467 
20.587971 
24.521545 
11.426857 
17.005319 
14.396150 
22.231174 
14.390867 
9.231304 
13.473070 
16.610690 
17.873107 
10.615263 
12.101596 
12.054984 
11.673602 
28.775367 
26.884828 
23.075347 
13.336872 
20.471507 
13.129805 
15.807657 
9.372593 
12.330588 
20.704845 
21.036467 
2004.653987 
804.946978 
14.921394 
18.783105 
19.646349 
98.664968 
26.790978 
21.214848 
16.561305 
15.469533 
18.783105 
15.060873 
37.609467 
20.587971 
24.521545 
11.426857 
17.005319 
14.396150 
22.231174 
14.390867 
9.231304 
13.473070 
16.610690 
17.873107 
10.615263 
12.101596 
12.054984 
11.673602 
28.775367 
26.884828 
23.075347 
13.336872 
20.471507 
13.129805 
15.807657 
9.372593 
12.330588 
20.704845 
21.036467 
