1995.505706 
830.046986 
22.440566 
27.715730 
21.893840 
78.493519 
35.268251 
20.728562 
32.055021 
17.738759 
27.715730 
25.643631 
18.537579 
11.067266 
39.748514 
18.459327 
15.664841 
10.787030 
22.196122 
22.986344 
22.346090 
18.419798 
40.812709 
21.004716 
9.922372 
27.666667 
43.352597 
22.994596 
35.866206 
37.987147 
28.655710 
44.393257 
29.183195 
20.260471 
43.136804 
21.097443 
20.023884 
25.236656 
15.466855 
2077.075304 
835.231886 
14.363926 
13.176927 
20.607838 
65.925560 
33.019428 
23.257818 
21.358256 
18.502472 
13.176927 
18.371330 
38.229686 
11.862188 
16.984763 
20.896463 
31.014531 
21.099920 
14.525322 
11.416532 
9.035647 
13.341974 
7.201464 
13.086611 
10.468248 
17.112917 
16.620362 
13.467051 
26.511429 
37.960055 
25.233899 
15.741210 
17.584944 
14.535200 
20.880075 
15.942761 
13.407702 
19.716123 
24.691002 
2077.075304 
835.231886 
14.363926 
13.176927 
20.607838 
65.925560 
33.019428 
23.257818 
21.358256 
18.502472 
13.176927 
18.371330 
38.229686 
11.862188 
16.984763 
20.896463 
31.014531 
21.099920 
14.525322 
11.416532 
9.035647 
13.341974 
7.201464 
13.086611 
10.468248 
17.112917 
16.620362 
13.467051 
26.511429 
37.960055 
25.233899 
15.741210 
17.584944 
14.535200 
20.880075 
15.942761 
13.407702 
19.716123 
24.691002 
2077.075304 
835.231886 
14.363926 
13.176927 
20.607838 
65.925560 
33.019428 
23.257818 
21.358256 
18.502472 
13.176927 
18.371330 
38.229686 
11.862188 
16.984763 
20.896463 
31.014531 
21.099920 
14.525322 
11.416532 
9.035647 
13.341974 
7.201464 
13.086611 
10.468248 
17.112917 
16.620362 
13.467051 
26.511429 
37.960055 
25.233899 
15.741210 
17.584944 
14.535200 
20.880075 
15.942761 
13.407702 
19.716123 
24.691002 
2077.075304 
835.231886 
14.363926 
13.176927 
20.607838 
65.925560 
33.019428 
23.257818 
21.358256 
18.502472 
13.176927 
18.371330 
38.229686 
11.862188 
16.984763 
20.896463 
31.014531 
21.099920 
14.525322 
11.416532 
9.035647 
13.341974 
7.201464 
13.086611 
10.468248 
17.112917 
16.620362 
13.467051 
26.511429 
37.960055 
25.233899 
15.741210 
17.584944 
14.535200 
20.880075 
15.942761 
13.407702 
19.716123 
24.691002 
