1995.505706 
830.046986 
22.440566 
27.715730 
21.893840 
78.493519 
35.268251 
20.728562 
32.055021 
17.738759 
27.715730 
25.643631 
18.537579 
11.067266 
39.748514 
18.459327 
15.664841 
10.787030 
22.196122 
22.986344 
22.346090 
18.419798 
40.812709 
21.004716 
9.922372 
27.666667 
43.352597 
22.994596 
35.866206 
37.987147 
28.655710 
44.393257 
29.183195 
20.260471 
43.136804 
21.097443 
20.023884 
25.236656 
15.466855 
1976.909527 
785.572117 
15.238087 
20.331356 
21.061111 
67.370351 
32.039623 
36.687581 
18.760639 
16.803176 
20.331356 
17.430531 
43.612661 
16.132020 
12.387330 
13.425584 
27.565655 
17.746807 
10.717555 
15.605758 
9.368645 
15.560090 
16.625215 
17.127617 
9.118489 
19.926721 
22.463741 
12.371022 
25.359425 
28.817011 
17.396490 
19.921213 
19.414641 
12.634747 
26.701383 
10.277017 
14.386678 
23.053857 
26.015333 
1976.909527 
785.572117 
15.238087 
20.331356 
21.061111 
67.370351 
32.039623 
36.687581 
18.760639 
16.803176 
20.331356 
17.430531 
43.612661 
16.132020 
12.387330 
13.425584 
27.565655 
17.746807 
10.717555 
15.605758 
9.368645 
15.560090 
16.625215 
17.127617 
9.118489 
19.926721 
22.463741 
12.371022 
25.359425 
28.817011 
17.396490 
19.921213 
19.414641 
12.634747 
26.701383 
10.277017 
14.386678 
23.053857 
26.015333 
1976.909527 
785.572117 
15.238087 
20.331356 
21.061111 
67.370351 
32.039623 
36.687581 
18.760639 
16.803176 
20.331356 
17.430531 
43.612661 
16.132020 
12.387330 
13.425584 
27.565655 
17.746807 
10.717555 
15.605758 
9.368645 
15.560090 
16.625215 
17.127617 
9.118489 
19.926721 
22.463741 
12.371022 
25.359425 
28.817011 
17.396490 
19.921213 
19.414641 
12.634747 
26.701383 
10.277017 
14.386678 
23.053857 
26.015333 
1976.909527 
785.572117 
15.238087 
20.331356 
21.061111 
67.370351 
32.039623 
36.687581 
18.760639 
16.803176 
20.331356 
17.430531 
43.612661 
16.132020 
12.387330 
13.425584 
27.565655 
17.746807 
10.717555 
15.605758 
9.368645 
15.560090 
16.625215 
17.127617 
9.118489 
19.926721 
22.463741 
12.371022 
25.359425 
28.817011 
17.396490 
19.921213 
19.414641 
12.634747 
26.701383 
10.277017 
14.386678 
23.053857 
26.015333 
