2073.766655 
847.140180 
14.025685 
11.731732 
18.208918 
127.251430 
21.214037 
19.275943 
19.304652 
12.969296 
11.731732 
12.445835 
35.916967 
9.417408 
13.919151 
16.339265 
27.308813 
14.117058 
11.261900 
11.222957 
10.854617 
8.128209 
13.635462 
11.007317 
6.176353 
15.407923 
14.331235 
13.727495 
18.552217 
30.981050 
26.456439 
14.267884 
18.878892 
14.867987 
16.026934 
11.681219 
10.691679 
32.145804 
20.391776 
2073.766655 
847.140180 
14.025685 
11.731732 
18.208918 
127.251430 
21.214037 
19.275943 
19.304652 
12.969296 
11.731732 
12.445835 
35.916967 
9.417408 
13.919151 
16.339265 
27.308813 
14.117058 
11.261900 
11.222957 
10.854617 
8.128209 
13.635462 
11.007317 
6.176353 
15.407923 
14.331235 
13.727495 
18.552217 
30.981050 
26.456439 
14.267884 
18.878892 
14.867987 
16.026934 
11.681219 
10.691679 
32.145804 
20.391776 
2073.766655 
847.140180 
14.025685 
11.731732 
18.208918 
127.251430 
21.214037 
19.275943 
19.304652 
12.969296 
11.731732 
12.445835 
35.916967 
9.417408 
13.919151 
16.339265 
27.308813 
14.117058 
11.261900 
11.222957 
10.854617 
8.128209 
13.635462 
11.007317 
6.176353 
15.407923 
14.331235 
13.727495 
18.552217 
30.981050 
26.456439 
14.267884 
18.878892 
14.867987 
16.026934 
11.681219 
10.691679 
32.145804 
20.391776 
2073.766655 
847.140180 
14.025685 
11.731732 
18.208918 
127.251430 
21.214037 
19.275943 
19.304652 
12.969296 
11.731732 
12.445835 
35.916967 
9.417408 
13.919151 
16.339265 
27.308813 
14.117058 
11.261900 
11.222957 
10.854617 
8.128209 
13.635462 
11.007317 
6.176353 
15.407923 
14.331235 
13.727495 
18.552217 
30.981050 
26.456439 
14.267884 
18.878892 
14.867987 
16.026934 
11.681219 
10.691679 
32.145804 
20.391776 
2073.766655 
847.140180 
14.025685 
11.731732 
18.208918 
127.251430 
21.214037 
19.275943 
19.304652 
12.969296 
11.731732 
12.445835 
35.916967 
9.417408 
13.919151 
16.339265 
27.308813 
14.117058 
11.261900 
11.222957 
10.854617 
8.128209 
13.635462 
11.007317 
6.176353 
15.407923 
14.331235 
13.727495 
18.552217 
30.981050 
26.456439 
14.267884 
18.878892 
14.867987 
16.026934 
11.681219 
10.691679 
32.145804 
20.391776 
