1995.505706 
830.046986 
22.440566 
27.715730 
21.893840 
78.493519 
35.268251 
20.728562 
32.055021 
17.738759 
27.715730 
25.643631 
18.537579 
11.067266 
39.748514 
18.459327 
15.664841 
10.787030 
22.196122 
22.986344 
22.346090 
18.419798 
40.812709 
21.004716 
9.922372 
27.666667 
43.352597 
22.994596 
35.866206 
37.987147 
28.655710 
44.393257 
29.183195 
20.260471 
43.136804 
21.097443 
20.023884 
25.236656 
15.466855 
2021.163609 
812.486204 
14.257029 
13.632848 
21.511176 
145.606615 
21.943918 
25.895332 
18.496516 
19.284771 
13.632848 
17.228538 
41.382262 
12.955164 
18.088995 
17.936158 
21.922768 
21.998138 
22.085949 
17.292996 
7.293473 
10.202215 
15.123139 
16.209327 
9.673624 
13.509522 
15.364917 
13.576229 
27.982378 
25.350731 
18.264356 
15.105914 
20.070872 
14.001287 
18.902142 
15.531488 
13.974354 
19.656069 
25.012047 
2021.163609 
812.486204 
14.257029 
13.632848 
21.511176 
145.606615 
21.943918 
25.895332 
18.496516 
19.284771 
13.632848 
17.228538 
41.382262 
12.955164 
18.088995 
17.936158 
21.922768 
21.998138 
22.085949 
17.292996 
7.293473 
10.202215 
15.123139 
16.209327 
9.673624 
13.509522 
15.364917 
13.576229 
27.982378 
25.350731 
18.264356 
15.105914 
20.070872 
14.001287 
18.902142 
15.531488 
13.974354 
19.656069 
25.012047 
2021.163609 
812.486204 
14.257029 
13.632848 
21.511176 
145.606615 
21.943918 
25.895332 
18.496516 
19.284771 
13.632848 
17.228538 
41.382262 
12.955164 
18.088995 
17.936158 
21.922768 
21.998138 
22.085949 
17.292996 
7.293473 
10.202215 
15.123139 
16.209327 
9.673624 
13.509522 
15.364917 
13.576229 
27.982378 
25.350731 
18.264356 
15.105914 
20.070872 
14.001287 
18.902142 
15.531488 
13.974354 
19.656069 
25.012047 
2021.163609 
812.486204 
14.257029 
13.632848 
21.511176 
145.606615 
21.943918 
25.895332 
18.496516 
19.284771 
13.632848 
17.228538 
41.382262 
12.955164 
18.088995 
17.936158 
21.922768 
21.998138 
22.085949 
17.292996 
7.293473 
10.202215 
15.123139 
16.209327 
9.673624 
13.509522 
15.364917 
13.576229 
27.982378 
25.350731 
18.264356 
15.105914 
20.070872 
14.001287 
18.902142 
15.531488 
13.974354 
19.656069 
25.012047 
