2051.885217 
835.756609 
12.988209 
17.637400 
19.612207 
135.758294 
21.972417 
18.929468 
19.748826 
14.661984 
17.637400 
13.201808 
30.867537 
15.621139 
23.337180 
11.937709 
26.941529 
16.024957 
14.194621 
13.698380 
9.794143 
8.162673 
13.128390 
11.722194 
8.172435 
13.624847 
14.956490 
10.291937 
14.510734 
15.911839 
22.848911 
13.535798 
21.659913 
12.099230 
15.870694 
13.621541 
14.176939 
17.423353 
19.136913 
2051.885217 
835.756609 
12.988209 
17.637400 
19.612207 
135.758294 
21.972417 
18.929468 
19.748826 
14.661984 
17.637400 
13.201808 
30.867537 
15.621139 
23.337180 
11.937709 
26.941529 
16.024957 
14.194621 
13.698380 
9.794143 
8.162673 
13.128390 
11.722194 
8.172435 
13.624847 
14.956490 
10.291937 
14.510734 
15.911839 
22.848911 
13.535798 
21.659913 
12.099230 
15.870694 
13.621541 
14.176939 
17.423353 
19.136913 
2051.885217 
835.756609 
12.988209 
17.637400 
19.612207 
135.758294 
21.972417 
18.929468 
19.748826 
14.661984 
17.637400 
13.201808 
30.867537 
15.621139 
23.337180 
11.937709 
26.941529 
16.024957 
14.194621 
13.698380 
9.794143 
8.162673 
13.128390 
11.722194 
8.172435 
13.624847 
14.956490 
10.291937 
14.510734 
15.911839 
22.848911 
13.535798 
21.659913 
12.099230 
15.870694 
13.621541 
14.176939 
17.423353 
19.136913 
2051.885217 
835.756609 
12.988209 
17.637400 
19.612207 
135.758294 
21.972417 
18.929468 
19.748826 
14.661984 
17.637400 
13.201808 
30.867537 
15.621139 
23.337180 
11.937709 
26.941529 
16.024957 
14.194621 
13.698380 
9.794143 
8.162673 
13.128390 
11.722194 
8.172435 
13.624847 
14.956490 
10.291937 
14.510734 
15.911839 
22.848911 
13.535798 
21.659913 
12.099230 
15.870694 
13.621541 
14.176939 
17.423353 
19.136913 
2051.885217 
835.756609 
12.988209 
17.637400 
19.612207 
135.758294 
21.972417 
18.929468 
19.748826 
14.661984 
17.637400 
13.201808 
30.867537 
15.621139 
23.337180 
11.937709 
26.941529 
16.024957 
14.194621 
13.698380 
9.794143 
8.162673 
13.128390 
11.722194 
8.172435 
13.624847 
14.956490 
10.291937 
14.510734 
15.911839 
22.848911 
13.535798 
21.659913 
12.099230 
15.870694 
13.621541 
14.176939 
17.423353 
19.136913 
