2281.651188 
873.225075 
11.623899 
13.822158 
19.506899 
80.240833 
18.658183 
13.740734 
27.306654 
7.833793 
13.822158 
14.881917 
16.951218 
14.241789 
9.219648 
9.222651 
23.446298 
11.509289 
21.418860 
10.645790 
8.135668 
11.143315 
13.889314 
11.923686 
11.841440 
8.824875 
9.389832 
18.897620 
21.845047 
15.263985 
22.490774 
13.082973 
22.227519 
11.116573 
13.782736 
14.564571 
14.187542 
22.149782 
27.427825 
2281.651188 
873.225075 
11.623899 
13.822158 
19.506899 
80.240833 
18.658183 
13.740734 
27.306654 
7.833793 
13.822158 
14.881917 
16.951218 
14.241789 
9.219648 
9.222651 
23.446298 
11.509289 
21.418860 
10.645790 
8.135668 
11.143315 
13.889314 
11.923686 
11.841440 
8.824875 
9.389832 
18.897620 
21.845047 
15.263985 
22.490774 
13.082973 
22.227519 
11.116573 
13.782736 
14.564571 
14.187542 
22.149782 
27.427825 
2281.651188 
873.225075 
11.623899 
13.822158 
19.506899 
80.240833 
18.658183 
13.740734 
27.306654 
7.833793 
13.822158 
14.881917 
16.951218 
14.241789 
9.219648 
9.222651 
23.446298 
11.509289 
21.418860 
10.645790 
8.135668 
11.143315 
13.889314 
11.923686 
11.841440 
8.824875 
9.389832 
18.897620 
21.845047 
15.263985 
22.490774 
13.082973 
22.227519 
11.116573 
13.782736 
14.564571 
14.187542 
22.149782 
27.427825 
2281.651188 
873.225075 
11.623899 
13.822158 
19.506899 
80.240833 
18.658183 
13.740734 
27.306654 
7.833793 
13.822158 
14.881917 
16.951218 
14.241789 
9.219648 
9.222651 
23.446298 
11.509289 
21.418860 
10.645790 
8.135668 
11.143315 
13.889314 
11.923686 
11.841440 
8.824875 
9.389832 
18.897620 
21.845047 
15.263985 
22.490774 
13.082973 
22.227519 
11.116573 
13.782736 
14.564571 
14.187542 
22.149782 
27.427825 
2281.651188 
873.225075 
11.623899 
13.822158 
19.506899 
80.240833 
18.658183 
13.740734 
27.306654 
7.833793 
13.822158 
14.881917 
16.951218 
14.241789 
9.219648 
9.222651 
23.446298 
11.509289 
21.418860 
10.645790 
8.135668 
11.143315 
13.889314 
11.923686 
11.841440 
8.824875 
9.389832 
18.897620 
21.845047 
15.263985 
22.490774 
13.082973 
22.227519 
11.116573 
13.782736 
14.564571 
14.187542 
22.149782 
27.427825 
