2280.429676 
863.173378 
13.966311 
20.255967 
21.036647 
57.554365 
30.563033 
21.685692 
15.930861 
17.170847 
20.255967 
20.954352 
22.308398 
16.326671 
10.887305 
12.818824 
15.571511 
13.539219 
11.402855 
15.460394 
9.061473 
8.752944 
8.755947 
17.140916 
8.574764 
10.250437 
17.818837 
10.569665 
20.729525 
18.633836 
16.414763 
21.833806 
19.340073 
12.067091 
11.958060 
12.185438 
13.539849 
21.472823 
17.161439 
2280.429676 
863.173378 
13.966311 
20.255967 
21.036647 
57.554365 
30.563033 
21.685692 
15.930861 
17.170847 
20.255967 
20.954352 
22.308398 
16.326671 
10.887305 
12.818824 
15.571511 
13.539219 
11.402855 
15.460394 
9.061473 
8.752944 
8.755947 
17.140916 
8.574764 
10.250437 
17.818837 
10.569665 
20.729525 
18.633836 
16.414763 
21.833806 
19.340073 
12.067091 
11.958060 
12.185438 
13.539849 
21.472823 
17.161439 
2280.429676 
863.173378 
13.966311 
20.255967 
21.036647 
57.554365 
30.563033 
21.685692 
15.930861 
17.170847 
20.255967 
20.954352 
22.308398 
16.326671 
10.887305 
12.818824 
15.571511 
13.539219 
11.402855 
15.460394 
9.061473 
8.752944 
8.755947 
17.140916 
8.574764 
10.250437 
17.818837 
10.569665 
20.729525 
18.633836 
16.414763 
21.833806 
19.340073 
12.067091 
11.958060 
12.185438 
13.539849 
21.472823 
17.161439 
2280.429676 
863.173378 
13.966311 
20.255967 
21.036647 
57.554365 
30.563033 
21.685692 
15.930861 
17.170847 
20.255967 
20.954352 
22.308398 
16.326671 
10.887305 
12.818824 
15.571511 
13.539219 
11.402855 
15.460394 
9.061473 
8.752944 
8.755947 
17.140916 
8.574764 
10.250437 
17.818837 
10.569665 
20.729525 
18.633836 
16.414763 
21.833806 
19.340073 
12.067091 
11.958060 
12.185438 
13.539849 
21.472823 
17.161439 
2280.429676 
863.173378 
13.966311 
20.255967 
21.036647 
57.554365 
30.563033 
21.685692 
15.930861 
17.170847 
20.255967 
20.954352 
22.308398 
16.326671 
10.887305 
12.818824 
15.571511 
13.539219 
11.402855 
15.460394 
9.061473 
8.752944 
8.755947 
17.140916 
8.574764 
10.250437 
17.818837 
10.569665 
20.729525 
18.633836 
16.414763 
21.833806 
19.340073 
12.067091 
11.958060 
12.185438 
13.539849 
21.472823 
17.161439 
