2268.289139 
878.275288 
16.341820 
21.802942 
20.044986 
84.806236 
37.889238 
27.878642 
28.094103 
17.121457 
21.802942 
22.267843 
23.326808 
12.851584 
19.341257 
16.693064 
14.800863 
12.979165 
9.586606 
11.328772 
9.008257 
8.159337 
10.436316 
9.180797 
7.970312 
8.267367 
14.075483 
9.452726 
24.906698 
17.066258 
15.134341 
20.228458 
19.996907 
15.836563 
16.922502 
14.630589 
12.970929 
32.295886 
20.229599 
2268.289139 
878.275288 
16.341820 
21.802942 
20.044986 
84.806236 
37.889238 
27.878642 
28.094103 
17.121457 
21.802942 
22.267843 
23.326808 
12.851584 
19.341257 
16.693064 
14.800863 
12.979165 
9.586606 
11.328772 
9.008257 
8.159337 
10.436316 
9.180797 
7.970312 
8.267367 
14.075483 
9.452726 
24.906698 
17.066258 
15.134341 
20.228458 
19.996907 
15.836563 
16.922502 
14.630589 
12.970929 
32.295886 
20.229599 
2268.289139 
878.275288 
16.341820 
21.802942 
20.044986 
84.806236 
37.889238 
27.878642 
28.094103 
17.121457 
21.802942 
22.267843 
23.326808 
12.851584 
19.341257 
16.693064 
14.800863 
12.979165 
9.586606 
11.328772 
9.008257 
8.159337 
10.436316 
9.180797 
7.970312 
8.267367 
14.075483 
9.452726 
24.906698 
17.066258 
15.134341 
20.228458 
19.996907 
15.836563 
16.922502 
14.630589 
12.970929 
32.295886 
20.229599 
2268.289139 
878.275288 
16.341820 
21.802942 
20.044986 
84.806236 
37.889238 
27.878642 
28.094103 
17.121457 
21.802942 
22.267843 
23.326808 
12.851584 
19.341257 
16.693064 
14.800863 
12.979165 
9.586606 
11.328772 
9.008257 
8.159337 
10.436316 
9.180797 
7.970312 
8.267367 
14.075483 
9.452726 
24.906698 
17.066258 
15.134341 
20.228458 
19.996907 
15.836563 
16.922502 
14.630589 
12.970929 
32.295886 
20.229599 
2268.289139 
878.275288 
16.341820 
21.802942 
20.044986 
84.806236 
37.889238 
27.878642 
28.094103 
17.121457 
21.802942 
22.267843 
23.326808 
12.851584 
19.341257 
16.693064 
14.800863 
12.979165 
9.586606 
11.328772 
9.008257 
8.159337 
10.436316 
9.180797 
7.970312 
8.267367 
14.075483 
9.452726 
24.906698 
17.066258 
15.134341 
20.228458 
19.996907 
15.836563 
16.922502 
14.630589 
12.970929 
32.295886 
20.229599 
