2167.969623 
831.064192 
17.073544 
24.965933 
17.859373 
82.204495 
37.342083 
24.757103 
31.152067 
22.626286 
24.965933 
22.175526 
34.652256 
20.251290 
23.251503 
19.952644 
18.516708 
13.768084 
14.060418 
13.984732 
12.061603 
11.172905 
18.429446 
7.793885 
12.283909 
8.869072 
11.176279 
10.713281 
15.096294 
18.397229 
13.749164 
19.082113 
14.071690 
14.604171 
17.294242 
11.522167 
14.907763 
11.747573 
29.828776 
2167.969623 
831.064192 
17.073544 
24.965933 
17.859373 
82.204495 
37.342083 
24.757103 
31.152067 
22.626286 
24.965933 
22.175526 
34.652256 
20.251290 
23.251503 
19.952644 
18.516708 
13.768084 
14.060418 
13.984732 
12.061603 
11.172905 
18.429446 
7.793885 
12.283909 
8.869072 
11.176279 
10.713281 
15.096294 
18.397229 
13.749164 
19.082113 
14.071690 
14.604171 
17.294242 
11.522167 
14.907763 
11.747573 
29.828776 
2167.969623 
831.064192 
17.073544 
24.965933 
17.859373 
82.204495 
37.342083 
24.757103 
31.152067 
22.626286 
24.965933 
22.175526 
34.652256 
20.251290 
23.251503 
19.952644 
18.516708 
13.768084 
14.060418 
13.984732 
12.061603 
11.172905 
18.429446 
7.793885 
12.283909 
8.869072 
11.176279 
10.713281 
15.096294 
18.397229 
13.749164 
19.082113 
14.071690 
14.604171 
17.294242 
11.522167 
14.907763 
11.747573 
29.828776 
2167.969623 
831.064192 
17.073544 
24.965933 
17.859373 
82.204495 
37.342083 
24.757103 
31.152067 
22.626286 
24.965933 
22.175526 
34.652256 
20.251290 
23.251503 
19.952644 
18.516708 
13.768084 
14.060418 
13.984732 
12.061603 
11.172905 
18.429446 
7.793885 
12.283909 
8.869072 
11.176279 
10.713281 
15.096294 
18.397229 
13.749164 
19.082113 
14.071690 
14.604171 
17.294242 
11.522167 
14.907763 
11.747573 
29.828776 
2167.969623 
831.064192 
17.073544 
24.965933 
17.859373 
82.204495 
37.342083 
24.757103 
31.152067 
22.626286 
24.965933 
22.175526 
34.652256 
20.251290 
23.251503 
19.952644 
18.516708 
13.768084 
14.060418 
13.984732 
12.061603 
11.172905 
18.429446 
7.793885 
12.283909 
8.869072 
11.176279 
10.713281 
15.096294 
18.397229 
13.749164 
19.082113 
14.071690 
14.604171 
17.294242 
11.522167 
14.907763 
11.747573 
29.828776 
