2270.839834 
900.248959 
13.907107 
22.885971 
21.831991 
100.380039 
12.013299 
18.435626 
16.948609 
17.946786 
22.885971 
14.198950 
32.336889 
19.469850 
7.187875 
13.363798 
26.211601 
18.421936 
13.570706 
9.363002 
10.008648 
11.219970 
11.077578 
11.021111 
9.470917 
9.198529 
10.537261 
13.982745 
10.152757 
20.002688 
18.115632 
12.574669 
16.732318 
12.115459 
20.052471 
11.276653 
13.438879 
11.755554 
26.402409 
2270.839834 
900.248959 
13.907107 
22.885971 
21.831991 
100.380039 
12.013299 
18.435626 
16.948609 
17.946786 
22.885971 
14.198950 
32.336889 
19.469850 
7.187875 
13.363798 
26.211601 
18.421936 
13.570706 
9.363002 
10.008648 
11.219970 
11.077578 
11.021111 
9.470917 
9.198529 
10.537261 
13.982745 
10.152757 
20.002688 
18.115632 
12.574669 
16.732318 
12.115459 
20.052471 
11.276653 
13.438879 
11.755554 
26.402409 
2270.839834 
900.248959 
13.907107 
22.885971 
21.831991 
100.380039 
12.013299 
18.435626 
16.948609 
17.946786 
22.885971 
14.198950 
32.336889 
19.469850 
7.187875 
13.363798 
26.211601 
18.421936 
13.570706 
9.363002 
10.008648 
11.219970 
11.077578 
11.021111 
9.470917 
9.198529 
10.537261 
13.982745 
10.152757 
20.002688 
18.115632 
12.574669 
16.732318 
12.115459 
20.052471 
11.276653 
13.438879 
11.755554 
26.402409 
2270.839834 
900.248959 
13.907107 
22.885971 
21.831991 
100.380039 
12.013299 
18.435626 
16.948609 
17.946786 
22.885971 
14.198950 
32.336889 
19.469850 
7.187875 
13.363798 
26.211601 
18.421936 
13.570706 
9.363002 
10.008648 
11.219970 
11.077578 
11.021111 
9.470917 
9.198529 
10.537261 
13.982745 
10.152757 
20.002688 
18.115632 
12.574669 
16.732318 
12.115459 
20.052471 
11.276653 
13.438879 
11.755554 
26.402409 
2270.839834 
900.248959 
13.907107 
22.885971 
21.831991 
100.380039 
12.013299 
18.435626 
16.948609 
17.946786 
22.885971 
14.198950 
32.336889 
19.469850 
7.187875 
13.363798 
26.211601 
18.421936 
13.570706 
9.363002 
10.008648 
11.219970 
11.077578 
11.021111 
9.470917 
9.198529 
10.537261 
13.982745 
10.152757 
20.002688 
18.115632 
12.574669 
16.732318 
12.115459 
20.052471 
11.276653 
13.438879 
11.755554 
26.402409 
