2288.845489 
872.463490 
14.317328 
13.761539 
20.142841 
67.181056 
22.943435 
24.928845 
27.454628 
13.744615 
13.761539 
18.939073 
16.938341 
16.050309 
11.605738 
8.950386 
16.426472 
12.203215 
14.675597 
12.009663 
13.700153 
11.865052 
7.483171 
9.500318 
7.009843 
10.131789 
10.402009 
14.908091 
21.726644 
13.591366 
16.014810 
16.860508 
18.438314 
10.589748 
12.179172 
16.792894 
14.978461 
34.634096 
28.491027 
2245.335116 
875.019359 
15.432844 
24.550884 
21.357985 
86.543849 
16.991470 
32.284109 
27.533649 
17.410229 
24.550884 
12.518186 
27.037493 
12.463863 
26.333362 
12.789198 
24.959343 
16.118305 
18.105517 
15.451266 
13.100196 
13.657216 
13.595130 
9.730635 
16.338039 
9.043435 
11.608899 
20.394874 
32.363994 
25.745404 
23.603730 
21.795451 
23.408748 
14.816329 
23.912169 
13.219988 
13.932384 
30.428702 
22.024675 
2245.335116 
875.019359 
15.432844 
24.550884 
21.357985 
86.543849 
16.991470 
32.284109 
27.533649 
17.410229 
24.550884 
12.518186 
27.037493 
12.463863 
26.333362 
12.789198 
24.959343 
16.118305 
18.105517 
15.451266 
13.100196 
13.657216 
13.595130 
9.730635 
16.338039 
9.043435 
11.608899 
20.394874 
32.363994 
25.745404 
23.603730 
21.795451 
23.408748 
14.816329 
23.912169 
13.219988 
13.932384 
30.428702 
22.024675 
2245.335116 
875.019359 
15.432844 
24.550884 
21.357985 
86.543849 
16.991470 
32.284109 
27.533649 
17.410229 
24.550884 
12.518186 
27.037493 
12.463863 
26.333362 
12.789198 
24.959343 
16.118305 
18.105517 
15.451266 
13.100196 
13.657216 
13.595130 
9.730635 
16.338039 
9.043435 
11.608899 
20.394874 
32.363994 
25.745404 
23.603730 
21.795451 
23.408748 
14.816329 
23.912169 
13.219988 
13.932384 
30.428702 
22.024675 
2245.335116 
875.019359 
15.432844 
24.550884 
21.357985 
86.543849 
16.991470 
32.284109 
27.533649 
17.410229 
24.550884 
12.518186 
27.037493 
12.463863 
26.333362 
12.789198 
24.959343 
16.118305 
18.105517 
15.451266 
13.100196 
13.657216 
13.595130 
9.730635 
16.338039 
9.043435 
11.608899 
20.394874 
32.363994 
25.745404 
23.603730 
21.795451 
23.408748 
14.816329 
23.912169 
13.219988 
13.932384 
30.428702 
22.024675 
