2270.831731 
888.530894 
13.526335 
14.566215 
21.871004 
103.647181 
19.485556 
16.200048 
29.899530 
12.379978 
14.566215 
18.238005 
26.029005 
7.946802 
18.122255 
10.779382 
25.050196 
15.584041 
18.043818 
19.036955 
8.651303 
14.121861 
6.606395 
14.504064 
12.614606 
7.454688 
5.888972 
20.913230 
22.795001 
15.886648 
18.996066 
14.686165 
16.388404 
12.420833 
17.427292 
14.357060 
12.347677 
13.413333 
22.774757 
2270.831731 
888.530894 
13.526335 
14.566215 
21.871004 
103.647181 
19.485556 
16.200048 
29.899530 
12.379978 
14.566215 
18.238005 
26.029005 
7.946802 
18.122255 
10.779382 
25.050196 
15.584041 
18.043818 
19.036955 
8.651303 
14.121861 
6.606395 
14.504064 
12.614606 
7.454688 
5.888972 
20.913230 
22.795001 
15.886648 
18.996066 
14.686165 
16.388404 
12.420833 
17.427292 
14.357060 
12.347677 
13.413333 
22.774757 
2270.831731 
888.530894 
13.526335 
14.566215 
21.871004 
103.647181 
19.485556 
16.200048 
29.899530 
12.379978 
14.566215 
18.238005 
26.029005 
7.946802 
18.122255 
10.779382 
25.050196 
15.584041 
18.043818 
19.036955 
8.651303 
14.121861 
6.606395 
14.504064 
12.614606 
7.454688 
5.888972 
20.913230 
22.795001 
15.886648 
18.996066 
14.686165 
16.388404 
12.420833 
17.427292 
14.357060 
12.347677 
13.413333 
22.774757 
2270.831731 
888.530894 
13.526335 
14.566215 
21.871004 
103.647181 
19.485556 
16.200048 
29.899530 
12.379978 
14.566215 
18.238005 
26.029005 
7.946802 
18.122255 
10.779382 
25.050196 
15.584041 
18.043818 
19.036955 
8.651303 
14.121861 
6.606395 
14.504064 
12.614606 
7.454688 
5.888972 
20.913230 
22.795001 
15.886648 
18.996066 
14.686165 
16.388404 
12.420833 
17.427292 
14.357060 
12.347677 
13.413333 
22.774757 
2270.831731 
888.530894 
13.526335 
14.566215 
21.871004 
103.647181 
19.485556 
16.200048 
29.899530 
12.379978 
14.566215 
18.238005 
26.029005 
7.946802 
18.122255 
10.779382 
25.050196 
15.584041 
18.043818 
19.036955 
8.651303 
14.121861 
6.606395 
14.504064 
12.614606 
7.454688 
5.888972 
20.913230 
22.795001 
15.886648 
18.996066 
14.686165 
16.388404 
12.420833 
17.427292 
14.357060 
12.347677 
13.413333 
22.774757 
