2235.453645 
830.096933 
14.756812 
17.410417 
19.335069 
58.062884 
27.584177 
15.337402 
18.151548 
17.086557 
17.410417 
20.441569 
25.115348 
7.988181 
19.505218 
14.845361 
20.282287 
17.382741 
12.769677 
11.282643 
12.824148 
11.712007 
11.480344 
9.613586 
13.921491 
10.857798 
10.730337 
14.378765 
25.537119 
17.432855 
17.029397 
14.836071 
14.928639 
13.214380 
16.654618 
13.270554 
15.114570 
15.482646 
24.823399 
2235.453645 
830.096933 
14.756812 
17.410417 
19.335069 
58.062884 
27.584177 
15.337402 
18.151548 
17.086557 
17.410417 
20.441569 
25.115348 
7.988181 
19.505218 
14.845361 
20.282287 
17.382741 
12.769677 
11.282643 
12.824148 
11.712007 
11.480344 
9.613586 
13.921491 
10.857798 
10.730337 
14.378765 
25.537119 
17.432855 
17.029397 
14.836071 
14.928639 
13.214380 
16.654618 
13.270554 
15.114570 
15.482646 
24.823399 
2235.453645 
830.096933 
14.756812 
17.410417 
19.335069 
58.062884 
27.584177 
15.337402 
18.151548 
17.086557 
17.410417 
20.441569 
25.115348 
7.988181 
19.505218 
14.845361 
20.282287 
17.382741 
12.769677 
11.282643 
12.824148 
11.712007 
11.480344 
9.613586 
13.921491 
10.857798 
10.730337 
14.378765 
25.537119 
17.432855 
17.029397 
14.836071 
14.928639 
13.214380 
16.654618 
13.270554 
15.114570 
15.482646 
24.823399 
2235.453645 
830.096933 
14.756812 
17.410417 
19.335069 
58.062884 
27.584177 
15.337402 
18.151548 
17.086557 
17.410417 
20.441569 
25.115348 
7.988181 
19.505218 
14.845361 
20.282287 
17.382741 
12.769677 
11.282643 
12.824148 
11.712007 
11.480344 
9.613586 
13.921491 
10.857798 
10.730337 
14.378765 
25.537119 
17.432855 
17.029397 
14.836071 
14.928639 
13.214380 
16.654618 
13.270554 
15.114570 
15.482646 
24.823399 
2235.453645 
830.096933 
14.756812 
17.410417 
19.335069 
58.062884 
27.584177 
15.337402 
18.151548 
17.086557 
17.410417 
20.441569 
25.115348 
7.988181 
19.505218 
14.845361 
20.282287 
17.382741 
12.769677 
11.282643 
12.824148 
11.712007 
11.480344 
9.613586 
13.921491 
10.857798 
10.730337 
14.378765 
25.537119 
17.432855 
17.029397 
14.836071 
14.928639 
13.214380 
16.654618 
13.270554 
15.114570 
15.482646 
24.823399 
