2323.759776 
923.467385 
15.435673 
24.170402 
20.135191 
76.635126 
28.047965 
23.491311 
22.652663 
12.260618 
24.170402 
10.688674 
32.537048 
13.991453 
14.746739 
10.894384 
17.795758 
8.418437 
16.182943 
10.256964 
8.656426 
9.897950 
11.239075 
10.638519 
17.448882 
7.773926 
10.473769 
19.659224 
12.194605 
8.203757 
15.133645 
13.556766 
14.042305 
10.334104 
11.822466 
17.285618 
14.009019 
17.467491 
20.019816 
2323.759776 
923.467385 
15.435673 
24.170402 
20.135191 
76.635126 
28.047965 
23.491311 
22.652663 
12.260618 
24.170402 
10.688674 
32.537048 
13.991453 
14.746739 
10.894384 
17.795758 
8.418437 
16.182943 
10.256964 
8.656426 
9.897950 
11.239075 
10.638519 
17.448882 
7.773926 
10.473769 
19.659224 
12.194605 
8.203757 
15.133645 
13.556766 
14.042305 
10.334104 
11.822466 
17.285618 
14.009019 
17.467491 
20.019816 
2323.759776 
923.467385 
15.435673 
24.170402 
20.135191 
76.635126 
28.047965 
23.491311 
22.652663 
12.260618 
24.170402 
10.688674 
32.537048 
13.991453 
14.746739 
10.894384 
17.795758 
8.418437 
16.182943 
10.256964 
8.656426 
9.897950 
11.239075 
10.638519 
17.448882 
7.773926 
10.473769 
19.659224 
12.194605 
8.203757 
15.133645 
13.556766 
14.042305 
10.334104 
11.822466 
17.285618 
14.009019 
17.467491 
20.019816 
2323.759776 
923.467385 
15.435673 
24.170402 
20.135191 
76.635126 
28.047965 
23.491311 
22.652663 
12.260618 
24.170402 
10.688674 
32.537048 
13.991453 
14.746739 
10.894384 
17.795758 
8.418437 
16.182943 
10.256964 
8.656426 
9.897950 
11.239075 
10.638519 
17.448882 
7.773926 
10.473769 
19.659224 
12.194605 
8.203757 
15.133645 
13.556766 
14.042305 
10.334104 
11.822466 
17.285618 
14.009019 
17.467491 
20.019816 
2323.759776 
923.467385 
15.435673 
24.170402 
20.135191 
76.635126 
28.047965 
23.491311 
22.652663 
12.260618 
24.170402 
10.688674 
32.537048 
13.991453 
14.746739 
10.894384 
17.795758 
8.418437 
16.182943 
10.256964 
8.656426 
9.897950 
11.239075 
10.638519 
17.448882 
7.773926 
10.473769 
19.659224 
12.194605 
8.203757 
15.133645 
13.556766 
14.042305 
10.334104 
11.822466 
17.285618 
14.009019 
17.467491 
20.019816 
