2016.993885 
799.538751 
12.593820 
16.921259 
15.718488 
131.177222 
18.948881 
17.201586 
27.050139 
10.941506 
16.921259 
10.009321 
29.387047 
11.738123 
23.766500 
16.446836 
18.477928 
13.125285 
18.432966 
16.514548 
11.921011 
12.019500 
8.613624 
13.331462 
13.564080 
9.119024 
13.396026 
18.192192 
42.483382 
33.109149 
24.604759 
28.953462 
43.724135 
13.732128 
30.932237 
14.014798 
13.438761 
45.042151 
23.975123 
2016.993885 
799.538751 
12.593820 
16.921259 
15.718488 
131.177222 
18.948881 
17.201586 
27.050139 
10.941506 
16.921259 
10.009321 
29.387047 
11.738123 
23.766500 
16.446836 
18.477928 
13.125285 
18.432966 
16.514548 
11.921011 
12.019500 
8.613624 
13.331462 
13.564080 
9.119024 
13.396026 
18.192192 
42.483382 
33.109149 
24.604759 
28.953462 
43.724135 
13.732128 
30.932237 
14.014798 
13.438761 
45.042151 
23.975123 
2016.993885 
799.538751 
12.593820 
16.921259 
15.718488 
131.177222 
18.948881 
17.201586 
27.050139 
10.941506 
16.921259 
10.009321 
29.387047 
11.738123 
23.766500 
16.446836 
18.477928 
13.125285 
18.432966 
16.514548 
11.921011 
12.019500 
8.613624 
13.331462 
13.564080 
9.119024 
13.396026 
18.192192 
42.483382 
33.109149 
24.604759 
28.953462 
43.724135 
13.732128 
30.932237 
14.014798 
13.438761 
45.042151 
23.975123 
2016.993885 
799.538751 
12.593820 
16.921259 
15.718488 
131.177222 
18.948881 
17.201586 
27.050139 
10.941506 
16.921259 
10.009321 
29.387047 
11.738123 
23.766500 
16.446836 
18.477928 
13.125285 
18.432966 
16.514548 
11.921011 
12.019500 
8.613624 
13.331462 
13.564080 
9.119024 
13.396026 
18.192192 
42.483382 
33.109149 
24.604759 
28.953462 
43.724135 
13.732128 
30.932237 
14.014798 
13.438761 
45.042151 
23.975123 
2016.993885 
799.538751 
12.593820 
16.921259 
15.718488 
131.177222 
18.948881 
17.201586 
27.050139 
10.941506 
16.921259 
10.009321 
29.387047 
11.738123 
23.766500 
16.446836 
18.477928 
13.125285 
18.432966 
16.514548 
11.921011 
12.019500 
8.613624 
13.331462 
13.564080 
9.119024 
13.396026 
18.192192 
42.483382 
33.109149 
24.604759 
28.953462 
43.724135 
13.732128 
30.932237 
14.014798 
13.438761 
45.042151 
23.975123 
