2255.214831 
867.529402 
14.404664 
18.379756 
22.469705 
53.156429 
30.302179 
18.641642 
22.348893 
16.989953 
18.379756 
12.700043 
31.873357 
15.724952 
20.433605 
13.198281 
17.695534 
19.685505 
15.830484 
17.637517 
17.194199 
9.652826 
14.639772 
10.604225 
10.138250 
9.519145 
11.393852 
21.590424 
25.482592 
20.050504 
20.763214 
15.301185 
27.551548 
13.383800 
20.136564 
18.420978 
16.794314 
27.191352 
19.645173 
2255.214831 
867.529402 
14.404664 
18.379756 
22.469705 
53.156429 
30.302179 
18.641642 
22.348893 
16.989953 
18.379756 
12.700043 
31.873357 
15.724952 
20.433605 
13.198281 
17.695534 
19.685505 
15.830484 
17.637517 
17.194199 
9.652826 
14.639772 
10.604225 
10.138250 
9.519145 
11.393852 
21.590424 
25.482592 
20.050504 
20.763214 
15.301185 
27.551548 
13.383800 
20.136564 
18.420978 
16.794314 
27.191352 
19.645173 
2255.214831 
867.529402 
14.404664 
18.379756 
22.469705 
53.156429 
30.302179 
18.641642 
22.348893 
16.989953 
18.379756 
12.700043 
31.873357 
15.724952 
20.433605 
13.198281 
17.695534 
19.685505 
15.830484 
17.637517 
17.194199 
9.652826 
14.639772 
10.604225 
10.138250 
9.519145 
11.393852 
21.590424 
25.482592 
20.050504 
20.763214 
15.301185 
27.551548 
13.383800 
20.136564 
18.420978 
16.794314 
27.191352 
19.645173 
2255.214831 
867.529402 
14.404664 
18.379756 
22.469705 
53.156429 
30.302179 
18.641642 
22.348893 
16.989953 
18.379756 
12.700043 
31.873357 
15.724952 
20.433605 
13.198281 
17.695534 
19.685505 
15.830484 
17.637517 
17.194199 
9.652826 
14.639772 
10.604225 
10.138250 
9.519145 
11.393852 
21.590424 
25.482592 
20.050504 
20.763214 
15.301185 
27.551548 
13.383800 
20.136564 
18.420978 
16.794314 
27.191352 
19.645173 
2255.214831 
867.529402 
14.404664 
18.379756 
22.469705 
53.156429 
30.302179 
18.641642 
22.348893 
16.989953 
18.379756 
12.700043 
31.873357 
15.724952 
20.433605 
13.198281 
17.695534 
19.685505 
15.830484 
17.637517 
17.194199 
9.652826 
14.639772 
10.604225 
10.138250 
9.519145 
11.393852 
21.590424 
25.482592 
20.050504 
20.763214 
15.301185 
27.551548 
13.383800 
20.136564 
18.420978 
16.794314 
27.191352 
19.645173 
