2268.218327 
862.507556 
14.432040 
14.627122 
21.943021 
59.937426 
30.831587 
16.853880 
30.470996 
20.568823 
14.627122 
12.789597 
20.792590 
12.699872 
20.640262 
13.204239 
18.027460 
11.878529 
20.731439 
9.494989 
14.856302 
12.638965 
9.377769 
8.385134 
8.435456 
9.824452 
9.999604 
18.392437 
15.064902 
19.012604 
18.973741 
13.822102 
23.563357 
12.415194 
17.052992 
18.731806 
15.055285 
22.958215 
25.417778 
2268.218327 
862.507556 
14.432040 
14.627122 
21.943021 
59.937426 
30.831587 
16.853880 
30.470996 
20.568823 
14.627122 
12.789597 
20.792590 
12.699872 
20.640262 
13.204239 
18.027460 
11.878529 
20.731439 
9.494989 
14.856302 
12.638965 
9.377769 
8.385134 
8.435456 
9.824452 
9.999604 
18.392437 
15.064902 
19.012604 
18.973741 
13.822102 
23.563357 
12.415194 
17.052992 
18.731806 
15.055285 
22.958215 
25.417778 
2268.218327 
862.507556 
14.432040 
14.627122 
21.943021 
59.937426 
30.831587 
16.853880 
30.470996 
20.568823 
14.627122 
12.789597 
20.792590 
12.699872 
20.640262 
13.204239 
18.027460 
11.878529 
20.731439 
9.494989 
14.856302 
12.638965 
9.377769 
8.385134 
8.435456 
9.824452 
9.999604 
18.392437 
15.064902 
19.012604 
18.973741 
13.822102 
23.563357 
12.415194 
17.052992 
18.731806 
15.055285 
22.958215 
25.417778 
2268.218327 
862.507556 
14.432040 
14.627122 
21.943021 
59.937426 
30.831587 
16.853880 
30.470996 
20.568823 
14.627122 
12.789597 
20.792590 
12.699872 
20.640262 
13.204239 
18.027460 
11.878529 
20.731439 
9.494989 
14.856302 
12.638965 
9.377769 
8.385134 
8.435456 
9.824452 
9.999604 
18.392437 
15.064902 
19.012604 
18.973741 
13.822102 
23.563357 
12.415194 
17.052992 
18.731806 
15.055285 
22.958215 
25.417778 
2268.218327 
862.507556 
14.432040 
14.627122 
21.943021 
59.937426 
30.831587 
16.853880 
30.470996 
20.568823 
14.627122 
12.789597 
20.792590 
12.699872 
20.640262 
13.204239 
18.027460 
11.878529 
20.731439 
9.494989 
14.856302 
12.638965 
9.377769 
8.385134 
8.435456 
9.824452 
9.999604 
18.392437 
15.064902 
19.012604 
18.973741 
13.822102 
23.563357 
12.415194 
17.052992 
18.731806 
15.055285 
22.958215 
25.417778 
