2200.755568 
834.622128 
14.043391 
22.013845 
20.386537 
83.218523 
16.124982 
20.214336 
15.617426 
18.709108 
22.013845 
9.955327 
27.771008 
13.319974 
18.699150 
11.507627 
15.489555 
16.173465 
8.694627 
15.709197 
11.017405 
12.872119 
13.750313 
11.229005 
9.659148 
13.375572 
10.450758 
17.306889 
24.322459 
22.825171 
17.350035 
18.125148 
18.912748 
14.001448 
19.166758 
12.881463 
12.226080 
27.361854 
29.191310 
2200.755568 
834.622128 
14.043391 
22.013845 
20.386537 
83.218523 
16.124982 
20.214336 
15.617426 
18.709108 
22.013845 
9.955327 
27.771008 
13.319974 
18.699150 
11.507627 
15.489555 
16.173465 
8.694627 
15.709197 
11.017405 
12.872119 
13.750313 
11.229005 
9.659148 
13.375572 
10.450758 
17.306889 
24.322459 
22.825171 
17.350035 
18.125148 
18.912748 
14.001448 
19.166758 
12.881463 
12.226080 
27.361854 
29.191310 
2200.755568 
834.622128 
14.043391 
22.013845 
20.386537 
83.218523 
16.124982 
20.214336 
15.617426 
18.709108 
22.013845 
9.955327 
27.771008 
13.319974 
18.699150 
11.507627 
15.489555 
16.173465 
8.694627 
15.709197 
11.017405 
12.872119 
13.750313 
11.229005 
9.659148 
13.375572 
10.450758 
17.306889 
24.322459 
22.825171 
17.350035 
18.125148 
18.912748 
14.001448 
19.166758 
12.881463 
12.226080 
27.361854 
29.191310 
2200.755568 
834.622128 
14.043391 
22.013845 
20.386537 
83.218523 
16.124982 
20.214336 
15.617426 
18.709108 
22.013845 
9.955327 
27.771008 
13.319974 
18.699150 
11.507627 
15.489555 
16.173465 
8.694627 
15.709197 
11.017405 
12.872119 
13.750313 
11.229005 
9.659148 
13.375572 
10.450758 
17.306889 
24.322459 
22.825171 
17.350035 
18.125148 
18.912748 
14.001448 
19.166758 
12.881463 
12.226080 
27.361854 
29.191310 
2200.755568 
834.622128 
14.043391 
22.013845 
20.386537 
83.218523 
16.124982 
20.214336 
15.617426 
18.709108 
22.013845 
9.955327 
27.771008 
13.319974 
18.699150 
11.507627 
15.489555 
16.173465 
8.694627 
15.709197 
11.017405 
12.872119 
13.750313 
11.229005 
9.659148 
13.375572 
10.450758 
17.306889 
24.322459 
22.825171 
17.350035 
18.125148 
18.912748 
14.001448 
19.166758 
12.881463 
12.226080 
27.361854 
29.191310 
