2211.648960 
842.603934 
15.104752 
24.447177 
22.249107 
82.107106 
14.984926 
21.066921 
26.056701 
15.510303 
24.447177 
15.584751 
18.377120 
21.194082 
27.112730 
15.964842 
12.378372 
10.456700 
14.622712 
7.650408 
13.830455 
12.426936 
15.738462 
10.686175 
8.660311 
6.438863 
9.865906 
20.701535 
24.541448 
25.919301 
22.635847 
12.970511 
18.196555 
13.645688 
18.003008 
10.462083 
13.923549 
19.149200 
22.610695 
2211.648960 
842.603934 
15.104752 
24.447177 
22.249107 
82.107106 
14.984926 
21.066921 
26.056701 
15.510303 
24.447177 
15.584751 
18.377120 
21.194082 
27.112730 
15.964842 
12.378372 
10.456700 
14.622712 
7.650408 
13.830455 
12.426936 
15.738462 
10.686175 
8.660311 
6.438863 
9.865906 
20.701535 
24.541448 
25.919301 
22.635847 
12.970511 
18.196555 
13.645688 
18.003008 
10.462083 
13.923549 
19.149200 
22.610695 
2211.648960 
842.603934 
15.104752 
24.447177 
22.249107 
82.107106 
14.984926 
21.066921 
26.056701 
15.510303 
24.447177 
15.584751 
18.377120 
21.194082 
27.112730 
15.964842 
12.378372 
10.456700 
14.622712 
7.650408 
13.830455 
12.426936 
15.738462 
10.686175 
8.660311 
6.438863 
9.865906 
20.701535 
24.541448 
25.919301 
22.635847 
12.970511 
18.196555 
13.645688 
18.003008 
10.462083 
13.923549 
19.149200 
22.610695 
2211.648960 
842.603934 
15.104752 
24.447177 
22.249107 
82.107106 
14.984926 
21.066921 
26.056701 
15.510303 
24.447177 
15.584751 
18.377120 
21.194082 
27.112730 
15.964842 
12.378372 
10.456700 
14.622712 
7.650408 
13.830455 
12.426936 
15.738462 
10.686175 
8.660311 
6.438863 
9.865906 
20.701535 
24.541448 
25.919301 
22.635847 
12.970511 
18.196555 
13.645688 
18.003008 
10.462083 
13.923549 
19.149200 
22.610695 
2211.648960 
842.603934 
15.104752 
24.447177 
22.249107 
82.107106 
14.984926 
21.066921 
26.056701 
15.510303 
24.447177 
15.584751 
18.377120 
21.194082 
27.112730 
15.964842 
12.378372 
10.456700 
14.622712 
7.650408 
13.830455 
12.426936 
15.738462 
10.686175 
8.660311 
6.438863 
9.865906 
20.701535 
24.541448 
25.919301 
22.635847 
12.970511 
18.196555 
13.645688 
18.003008 
10.462083 
13.923549 
19.149200 
22.610695 
