2286.415520 
868.893513 
15.817630 
27.761058 
21.126078 
60.085520 
34.693746 
25.298762 
27.607833 
18.259306 
27.761058 
15.142460 
21.209075 
14.616808 
19.351218 
14.678614 
18.380179 
17.582551 
14.977059 
19.115986 
5.603677 
14.361307 
11.216813 
9.722244 
12.516126 
11.444080 
9.293556 
9.596962 
17.602089 
20.661571 
17.252175 
15.696462 
17.126737 
13.158347 
14.653983 
12.454736 
13.080939 
22.325491 
27.272615 
2286.415520 
868.893513 
15.817630 
27.761058 
21.126078 
60.085520 
34.693746 
25.298762 
27.607833 
18.259306 
27.761058 
15.142460 
21.209075 
14.616808 
19.351218 
14.678614 
18.380179 
17.582551 
14.977059 
19.115986 
5.603677 
14.361307 
11.216813 
9.722244 
12.516126 
11.444080 
9.293556 
9.596962 
17.602089 
20.661571 
17.252175 
15.696462 
17.126737 
13.158347 
14.653983 
12.454736 
13.080939 
22.325491 
27.272615 
2286.415520 
868.893513 
15.817630 
27.761058 
21.126078 
60.085520 
34.693746 
25.298762 
27.607833 
18.259306 
27.761058 
15.142460 
21.209075 
14.616808 
19.351218 
14.678614 
18.380179 
17.582551 
14.977059 
19.115986 
5.603677 
14.361307 
11.216813 
9.722244 
12.516126 
11.444080 
9.293556 
9.596962 
17.602089 
20.661571 
17.252175 
15.696462 
17.126737 
13.158347 
14.653983 
12.454736 
13.080939 
22.325491 
27.272615 
2286.415520 
868.893513 
15.817630 
27.761058 
21.126078 
60.085520 
34.693746 
25.298762 
27.607833 
18.259306 
27.761058 
15.142460 
21.209075 
14.616808 
19.351218 
14.678614 
18.380179 
17.582551 
14.977059 
19.115986 
5.603677 
14.361307 
11.216813 
9.722244 
12.516126 
11.444080 
9.293556 
9.596962 
17.602089 
20.661571 
17.252175 
15.696462 
17.126737 
13.158347 
14.653983 
12.454736 
13.080939 
22.325491 
27.272615 
2286.415520 
868.893513 
15.817630 
27.761058 
21.126078 
60.085520 
34.693746 
25.298762 
27.607833 
18.259306 
27.761058 
15.142460 
21.209075 
14.616808 
19.351218 
14.678614 
18.380179 
17.582551 
14.977059 
19.115986 
5.603677 
14.361307 
11.216813 
9.722244 
12.516126 
11.444080 
9.293556 
9.596962 
17.602089 
20.661571 
17.252175 
15.696462 
17.126737 
13.158347 
14.653983 
12.454736 
13.080939 
22.325491 
27.272615 
