2207.122958 
847.917173 
14.661477 
18.860275 
21.799433 
72.176258 
18.899820 
24.086665 
21.949508 
20.427377 
18.860275 
16.139211 
31.239877 
17.807086 
16.911585 
8.517517 
16.938414 
16.095387 
17.971890 
13.905026 
12.740496 
10.634427 
13.981051 
9.544092 
9.181055 
10.447886 
16.091623 
10.199840 
16.808772 
23.880639 
15.134272 
21.361590 
16.358101 
11.371550 
15.690943 
14.881312 
11.977219 
27.588388 
30.634131 
2207.122958 
847.917173 
14.661477 
18.860275 
21.799433 
72.176258 
18.899820 
24.086665 
21.949508 
20.427377 
18.860275 
16.139211 
31.239877 
17.807086 
16.911585 
8.517517 
16.938414 
16.095387 
17.971890 
13.905026 
12.740496 
10.634427 
13.981051 
9.544092 
9.181055 
10.447886 
16.091623 
10.199840 
16.808772 
23.880639 
15.134272 
21.361590 
16.358101 
11.371550 
15.690943 
14.881312 
11.977219 
27.588388 
30.634131 
2207.122958 
847.917173 
14.661477 
18.860275 
21.799433 
72.176258 
18.899820 
24.086665 
21.949508 
20.427377 
18.860275 
16.139211 
31.239877 
17.807086 
16.911585 
8.517517 
16.938414 
16.095387 
17.971890 
13.905026 
12.740496 
10.634427 
13.981051 
9.544092 
9.181055 
10.447886 
16.091623 
10.199840 
16.808772 
23.880639 
15.134272 
21.361590 
16.358101 
11.371550 
15.690943 
14.881312 
11.977219 
27.588388 
30.634131 
2207.122958 
847.917173 
14.661477 
18.860275 
21.799433 
72.176258 
18.899820 
24.086665 
21.949508 
20.427377 
18.860275 
16.139211 
31.239877 
17.807086 
16.911585 
8.517517 
16.938414 
16.095387 
17.971890 
13.905026 
12.740496 
10.634427 
13.981051 
9.544092 
9.181055 
10.447886 
16.091623 
10.199840 
16.808772 
23.880639 
15.134272 
21.361590 
16.358101 
11.371550 
15.690943 
14.881312 
11.977219 
27.588388 
30.634131 
2207.122958 
847.917173 
14.661477 
18.860275 
21.799433 
72.176258 
18.899820 
24.086665 
21.949508 
20.427377 
18.860275 
16.139211 
31.239877 
17.807086 
16.911585 
8.517517 
16.938414 
16.095387 
17.971890 
13.905026 
12.740496 
10.634427 
13.981051 
9.544092 
9.181055 
10.447886 
16.091623 
10.199840 
16.808772 
23.880639 
15.134272 
21.361590 
16.358101 
11.371550 
15.690943 
14.881312 
11.977219 
27.588388 
30.634131 
