2288.845489 
872.463490 
14.317328 
13.761539 
20.142841 
67.181056 
22.943435 
24.928845 
27.454628 
13.744615 
13.761539 
18.939073 
16.938341 
16.050309 
11.605738 
8.950386 
16.426472 
12.203215 
14.675597 
12.009663 
13.700153 
11.865052 
7.483171 
9.500318 
7.009843 
10.131789 
10.402009 
14.908091 
21.726644 
13.591366 
16.014810 
16.860508 
18.438314 
10.589748 
12.179172 
16.792894 
14.978461 
34.634096 
28.491027 
2288.845489 
872.463490 
14.317328 
13.761539 
20.142841 
67.181056 
22.943435 
24.928845 
27.454628 
13.744615 
13.761539 
18.939073 
16.938341 
16.050309 
11.605738 
8.950386 
16.426472 
12.203215 
14.675597 
12.009663 
13.700153 
11.865052 
7.483171 
9.500318 
7.009843 
10.131789 
10.402009 
14.908091 
21.726644 
13.591366 
16.014810 
16.860508 
18.438314 
10.589748 
12.179172 
16.792894 
14.978461 
34.634096 
28.491027 
2288.845489 
872.463490 
14.317328 
13.761539 
20.142841 
67.181056 
22.943435 
24.928845 
27.454628 
13.744615 
13.761539 
18.939073 
16.938341 
16.050309 
11.605738 
8.950386 
16.426472 
12.203215 
14.675597 
12.009663 
13.700153 
11.865052 
7.483171 
9.500318 
7.009843 
10.131789 
10.402009 
14.908091 
21.726644 
13.591366 
16.014810 
16.860508 
18.438314 
10.589748 
12.179172 
16.792894 
14.978461 
34.634096 
28.491027 
2288.845489 
872.463490 
14.317328 
13.761539 
20.142841 
67.181056 
22.943435 
24.928845 
27.454628 
13.744615 
13.761539 
18.939073 
16.938341 
16.050309 
11.605738 
8.950386 
16.426472 
12.203215 
14.675597 
12.009663 
13.700153 
11.865052 
7.483171 
9.500318 
7.009843 
10.131789 
10.402009 
14.908091 
21.726644 
13.591366 
16.014810 
16.860508 
18.438314 
10.589748 
12.179172 
16.792894 
14.978461 
34.634096 
28.491027 
2288.845489 
872.463490 
14.317328 
13.761539 
20.142841 
67.181056 
22.943435 
24.928845 
27.454628 
13.744615 
13.761539 
18.939073 
16.938341 
16.050309 
11.605738 
8.950386 
16.426472 
12.203215 
14.675597 
12.009663 
13.700153 
11.865052 
7.483171 
9.500318 
7.009843 
10.131789 
10.402009 
14.908091 
21.726644 
13.591366 
16.014810 
16.860508 
18.438314 
10.589748 
12.179172 
16.792894 
14.978461 
34.634096 
28.491027 
