2244.828176 
861.783601 
13.948266 
19.144055 
20.531996 
78.249390 
25.391466 
16.180424 
22.875153 
9.464797 
19.144055 
15.995547 
44.689387 
9.297550 
18.789617 
7.946429 
24.424871 
25.660517 
19.987404 
10.743936 
16.077613 
11.742212 
13.526904 
10.970087 
12.419468 
7.921647 
12.270819 
18.739252 
28.234931 
41.882235 
25.086141 
14.834347 
22.273844 
13.605380 
30.638329 
12.363156 
11.966393 
23.064339 
21.111247 
2244.828176 
861.783601 
13.948266 
19.144055 
20.531996 
78.249390 
25.391466 
16.180424 
22.875153 
9.464797 
19.144055 
15.995547 
44.689387 
9.297550 
18.789617 
7.946429 
24.424871 
25.660517 
19.987404 
10.743936 
16.077613 
11.742212 
13.526904 
10.970087 
12.419468 
7.921647 
12.270819 
18.739252 
28.234931 
41.882235 
25.086141 
14.834347 
22.273844 
13.605380 
30.638329 
12.363156 
11.966393 
23.064339 
21.111247 
2244.828176 
861.783601 
13.948266 
19.144055 
20.531996 
78.249390 
25.391466 
16.180424 
22.875153 
9.464797 
19.144055 
15.995547 
44.689387 
9.297550 
18.789617 
7.946429 
24.424871 
25.660517 
19.987404 
10.743936 
16.077613 
11.742212 
13.526904 
10.970087 
12.419468 
7.921647 
12.270819 
18.739252 
28.234931 
41.882235 
25.086141 
14.834347 
22.273844 
13.605380 
30.638329 
12.363156 
11.966393 
23.064339 
21.111247 
2244.828176 
861.783601 
13.948266 
19.144055 
20.531996 
78.249390 
25.391466 
16.180424 
22.875153 
9.464797 
19.144055 
15.995547 
44.689387 
9.297550 
18.789617 
7.946429 
24.424871 
25.660517 
19.987404 
10.743936 
16.077613 
11.742212 
13.526904 
10.970087 
12.419468 
7.921647 
12.270819 
18.739252 
28.234931 
41.882235 
25.086141 
14.834347 
22.273844 
13.605380 
30.638329 
12.363156 
11.966393 
23.064339 
21.111247 
2244.828176 
861.783601 
13.948266 
19.144055 
20.531996 
78.249390 
25.391466 
16.180424 
22.875153 
9.464797 
19.144055 
15.995547 
44.689387 
9.297550 
18.789617 
7.946429 
24.424871 
25.660517 
19.987404 
10.743936 
16.077613 
11.742212 
13.526904 
10.970087 
12.419468 
7.921647 
12.270819 
18.739252 
28.234931 
41.882235 
25.086141 
14.834347 
22.273844 
13.605380 
30.638329 
12.363156 
11.966393 
23.064339 
21.111247 
