2267.096988 
872.372794 
13.666933 
25.135806 
20.652578 
103.061770 
20.611821 
18.777218 
19.314452 
13.716684 
25.135806 
15.780450 
20.811220 
11.977379 
24.590115 
10.594090 
19.885421 
10.966056 
18.015734 
10.537038 
15.501763 
7.624915 
13.701161 
12.086505 
12.205852 
12.333187 
11.568738 
13.121858 
18.066870 
22.560823 
18.995288 
18.403181 
15.963437 
11.246067 
19.371056 
15.029813 
13.221095 
22.380730 
19.897923 
2267.096988 
872.372794 
13.666933 
25.135806 
20.652578 
103.061770 
20.611821 
18.777218 
19.314452 
13.716684 
25.135806 
15.780450 
20.811220 
11.977379 
24.590115 
10.594090 
19.885421 
10.966056 
18.015734 
10.537038 
15.501763 
7.624915 
13.701161 
12.086505 
12.205852 
12.333187 
11.568738 
13.121858 
18.066870 
22.560823 
18.995288 
18.403181 
15.963437 
11.246067 
19.371056 
15.029813 
13.221095 
22.380730 
19.897923 
2267.096988 
872.372794 
13.666933 
25.135806 
20.652578 
103.061770 
20.611821 
18.777218 
19.314452 
13.716684 
25.135806 
15.780450 
20.811220 
11.977379 
24.590115 
10.594090 
19.885421 
10.966056 
18.015734 
10.537038 
15.501763 
7.624915 
13.701161 
12.086505 
12.205852 
12.333187 
11.568738 
13.121858 
18.066870 
22.560823 
18.995288 
18.403181 
15.963437 
11.246067 
19.371056 
15.029813 
13.221095 
22.380730 
19.897923 
2267.096988 
872.372794 
13.666933 
25.135806 
20.652578 
103.061770 
20.611821 
18.777218 
19.314452 
13.716684 
25.135806 
15.780450 
20.811220 
11.977379 
24.590115 
10.594090 
19.885421 
10.966056 
18.015734 
10.537038 
15.501763 
7.624915 
13.701161 
12.086505 
12.205852 
12.333187 
11.568738 
13.121858 
18.066870 
22.560823 
18.995288 
18.403181 
15.963437 
11.246067 
19.371056 
15.029813 
13.221095 
22.380730 
19.897923 
2267.096988 
872.372794 
13.666933 
25.135806 
20.652578 
103.061770 
20.611821 
18.777218 
19.314452 
13.716684 
25.135806 
15.780450 
20.811220 
11.977379 
24.590115 
10.594090 
19.885421 
10.966056 
18.015734 
10.537038 
15.501763 
7.624915 
13.701161 
12.086505 
12.205852 
12.333187 
11.568738 
13.121858 
18.066870 
22.560823 
18.995288 
18.403181 
15.963437 
11.246067 
19.371056 
15.029813 
13.221095 
22.380730 
19.897923 
