1973.533031 
809.157998 
16.633279 
18.879144 
18.140427 
84.483076 
34.350195 
15.096904 
18.020560 
14.234104 
18.879144 
19.960773 
61.780380 
14.207830 
18.040123 
22.369036 
36.892619 
33.325342 
20.397099 
11.547285 
26.435273 
12.294262 
29.888130 
7.959324 
22.028782 
27.750082 
42.850632 
17.744212 
26.968761 
26.024230 
25.083425 
41.740261 
35.377156 
16.920149 
29.144515 
14.359688 
14.418818 
23.335651 
12.824507 
1973.533031 
809.157998 
16.633279 
18.879144 
18.140427 
84.483076 
34.350195 
15.096904 
18.020560 
14.234104 
18.879144 
19.960773 
61.780380 
14.207830 
18.040123 
22.369036 
36.892619 
33.325342 
20.397099 
11.547285 
26.435273 
12.294262 
29.888130 
7.959324 
22.028782 
27.750082 
42.850632 
17.744212 
26.968761 
26.024230 
25.083425 
41.740261 
35.377156 
16.920149 
29.144515 
14.359688 
14.418818 
23.335651 
12.824507 
1973.533031 
809.157998 
16.633279 
18.879144 
18.140427 
84.483076 
34.350195 
15.096904 
18.020560 
14.234104 
18.879144 
19.960773 
61.780380 
14.207830 
18.040123 
22.369036 
36.892619 
33.325342 
20.397099 
11.547285 
26.435273 
12.294262 
29.888130 
7.959324 
22.028782 
27.750082 
42.850632 
17.744212 
26.968761 
26.024230 
25.083425 
41.740261 
35.377156 
16.920149 
29.144515 
14.359688 
14.418818 
23.335651 
12.824507 
1973.533031 
809.157998 
16.633279 
18.879144 
18.140427 
84.483076 
34.350195 
15.096904 
18.020560 
14.234104 
18.879144 
19.960773 
61.780380 
14.207830 
18.040123 
22.369036 
36.892619 
33.325342 
20.397099 
11.547285 
26.435273 
12.294262 
29.888130 
7.959324 
22.028782 
27.750082 
42.850632 
17.744212 
26.968761 
26.024230 
25.083425 
41.740261 
35.377156 
16.920149 
29.144515 
14.359688 
14.418818 
23.335651 
12.824507 
1973.533031 
809.157998 
16.633279 
18.879144 
18.140427 
84.483076 
34.350195 
15.096904 
18.020560 
14.234104 
18.879144 
19.960773 
61.780380 
14.207830 
18.040123 
22.369036 
36.892619 
33.325342 
20.397099 
11.547285 
26.435273 
12.294262 
29.888130 
7.959324 
22.028782 
27.750082 
42.850632 
17.744212 
26.968761 
26.024230 
25.083425 
41.740261 
35.377156 
16.920149 
29.144515 
14.359688 
14.418818 
23.335651 
12.824507 
