1988.563687 
810.440393 
18.327680 
16.388129 
18.224626 
87.927027 
31.004288 
19.371202 
23.296707 
9.400343 
16.388129 
17.104164 
26.036456 
14.932586 
21.847959 
13.797517 
23.371481 
18.725312 
18.623652 
14.240640 
12.224986 
10.319989 
22.581048 
20.708045 
24.807011 
20.886204 
45.197435 
21.413089 
26.935874 
30.833730 
30.789242 
48.535997 
43.701547 
16.398713 
40.490954 
16.623101 
14.415075 
31.076929 
13.883455 
1988.563687 
810.440393 
18.327680 
16.388129 
18.224626 
87.927027 
31.004288 
19.371202 
23.296707 
9.400343 
16.388129 
17.104164 
26.036456 
14.932586 
21.847959 
13.797517 
23.371481 
18.725312 
18.623652 
14.240640 
12.224986 
10.319989 
22.581048 
20.708045 
24.807011 
20.886204 
45.197435 
21.413089 
26.935874 
30.833730 
30.789242 
48.535997 
43.701547 
16.398713 
40.490954 
16.623101 
14.415075 
31.076929 
13.883455 
1988.563687 
810.440393 
18.327680 
16.388129 
18.224626 
87.927027 
31.004288 
19.371202 
23.296707 
9.400343 
16.388129 
17.104164 
26.036456 
14.932586 
21.847959 
13.797517 
23.371481 
18.725312 
18.623652 
14.240640 
12.224986 
10.319989 
22.581048 
20.708045 
24.807011 
20.886204 
45.197435 
21.413089 
26.935874 
30.833730 
30.789242 
48.535997 
43.701547 
16.398713 
40.490954 
16.623101 
14.415075 
31.076929 
13.883455 
1988.563687 
810.440393 
18.327680 
16.388129 
18.224626 
87.927027 
31.004288 
19.371202 
23.296707 
9.400343 
16.388129 
17.104164 
26.036456 
14.932586 
21.847959 
13.797517 
23.371481 
18.725312 
18.623652 
14.240640 
12.224986 
10.319989 
22.581048 
20.708045 
24.807011 
20.886204 
45.197435 
21.413089 
26.935874 
30.833730 
30.789242 
48.535997 
43.701547 
16.398713 
40.490954 
16.623101 
14.415075 
31.076929 
13.883455 
1988.563687 
810.440393 
18.327680 
16.388129 
18.224626 
87.927027 
31.004288 
19.371202 
23.296707 
9.400343 
16.388129 
17.104164 
26.036456 
14.932586 
21.847959 
13.797517 
23.371481 
18.725312 
18.623652 
14.240640 
12.224986 
10.319989 
22.581048 
20.708045 
24.807011 
20.886204 
45.197435 
21.413089 
26.935874 
30.833730 
30.789242 
48.535997 
43.701547 
16.398713 
40.490954 
16.623101 
14.415075 
31.076929 
13.883455 
