2027.504947 
818.375931 
18.634039 
9.162895 
20.237439 
83.181351 
33.218209 
17.317302 
24.384016 
22.585373 
9.162895 
21.479510 
30.556984 
21.853192 
29.713739 
18.926541 
16.273945 
14.161330 
25.213677 
25.476218 
18.726642 
13.658841 
11.819084 
14.517373 
23.473296 
16.080483 
35.189984 
24.126471 
41.847194 
57.263838 
32.451768 
41.347433 
30.061945 
16.506404 
22.403599 
25.257035 
18.737805 
33.704559 
17.214997 
2027.504947 
818.375931 
18.634039 
9.162895 
20.237439 
83.181351 
33.218209 
17.317302 
24.384016 
22.585373 
9.162895 
21.479510 
30.556984 
21.853192 
29.713739 
18.926541 
16.273945 
14.161330 
25.213677 
25.476218 
18.726642 
13.658841 
11.819084 
14.517373 
23.473296 
16.080483 
35.189984 
24.126471 
41.847194 
57.263838 
32.451768 
41.347433 
30.061945 
16.506404 
22.403599 
25.257035 
18.737805 
33.704559 
17.214997 
2027.504947 
818.375931 
18.634039 
9.162895 
20.237439 
83.181351 
33.218209 
17.317302 
24.384016 
22.585373 
9.162895 
21.479510 
30.556984 
21.853192 
29.713739 
18.926541 
16.273945 
14.161330 
25.213677 
25.476218 
18.726642 
13.658841 
11.819084 
14.517373 
23.473296 
16.080483 
35.189984 
24.126471 
41.847194 
57.263838 
32.451768 
41.347433 
30.061945 
16.506404 
22.403599 
25.257035 
18.737805 
33.704559 
17.214997 
2027.504947 
818.375931 
18.634039 
9.162895 
20.237439 
83.181351 
33.218209 
17.317302 
24.384016 
22.585373 
9.162895 
21.479510 
30.556984 
21.853192 
29.713739 
18.926541 
16.273945 
14.161330 
25.213677 
25.476218 
18.726642 
13.658841 
11.819084 
14.517373 
23.473296 
16.080483 
35.189984 
24.126471 
41.847194 
57.263838 
32.451768 
41.347433 
30.061945 
16.506404 
22.403599 
25.257035 
18.737805 
33.704559 
17.214997 
2027.504947 
818.375931 
18.634039 
9.162895 
20.237439 
83.181351 
33.218209 
17.317302 
24.384016 
22.585373 
9.162895 
21.479510 
30.556984 
21.853192 
29.713739 
18.926541 
16.273945 
14.161330 
25.213677 
25.476218 
18.726642 
13.658841 
11.819084 
14.517373 
23.473296 
16.080483 
35.189984 
24.126471 
41.847194 
57.263838 
32.451768 
41.347433 
30.061945 
16.506404 
22.403599 
25.257035 
18.737805 
33.704559 
17.214997 
