2019.646500 
800.489508 
21.431241 
18.308277 
24.259493 
119.092125 
24.914087 
26.648793 
26.724911 
23.726214 
18.308277 
18.533792 
39.865225 
20.318985 
26.787372 
21.475307 
20.162999 
20.944828 
27.403986 
13.645804 
14.682167 
9.447230 
43.458472 
16.828387 
23.642100 
14.272529 
39.274869 
18.912714 
15.127365 
36.704200 
27.722855 
33.409142 
35.273496 
19.474268 
27.740608 
19.189959 
18.393572 
15.057543 
10.478721 
2019.646500 
800.489508 
21.431241 
18.308277 
24.259493 
119.092125 
24.914087 
26.648793 
26.724911 
23.726214 
18.308277 
18.533792 
39.865225 
20.318985 
26.787372 
21.475307 
20.162999 
20.944828 
27.403986 
13.645804 
14.682167 
9.447230 
43.458472 
16.828387 
23.642100 
14.272529 
39.274869 
18.912714 
15.127365 
36.704200 
27.722855 
33.409142 
35.273496 
19.474268 
27.740608 
19.189959 
18.393572 
15.057543 
10.478721 
2019.646500 
800.489508 
21.431241 
18.308277 
24.259493 
119.092125 
24.914087 
26.648793 
26.724911 
23.726214 
18.308277 
18.533792 
39.865225 
20.318985 
26.787372 
21.475307 
20.162999 
20.944828 
27.403986 
13.645804 
14.682167 
9.447230 
43.458472 
16.828387 
23.642100 
14.272529 
39.274869 
18.912714 
15.127365 
36.704200 
27.722855 
33.409142 
35.273496 
19.474268 
27.740608 
19.189959 
18.393572 
15.057543 
10.478721 
2019.646500 
800.489508 
21.431241 
18.308277 
24.259493 
119.092125 
24.914087 
26.648793 
26.724911 
23.726214 
18.308277 
18.533792 
39.865225 
20.318985 
26.787372 
21.475307 
20.162999 
20.944828 
27.403986 
13.645804 
14.682167 
9.447230 
43.458472 
16.828387 
23.642100 
14.272529 
39.274869 
18.912714 
15.127365 
36.704200 
27.722855 
33.409142 
35.273496 
19.474268 
27.740608 
19.189959 
18.393572 
15.057543 
10.478721 
2019.646500 
800.489508 
21.431241 
18.308277 
24.259493 
119.092125 
24.914087 
26.648793 
26.724911 
23.726214 
18.308277 
18.533792 
39.865225 
20.318985 
26.787372 
21.475307 
20.162999 
20.944828 
27.403986 
13.645804 
14.682167 
9.447230 
43.458472 
16.828387 
23.642100 
14.272529 
39.274869 
18.912714 
15.127365 
36.704200 
27.722855 
33.409142 
35.273496 
19.474268 
27.740608 
19.189959 
18.393572 
15.057543 
10.478721 
