1988.002036 
791.168330 
16.649367 
10.638253 
19.989008 
95.119339 
12.182436 
21.335391 
14.247321 
16.411882 
10.638253 
11.272981 
58.441178 
14.788697 
19.059988 
18.471493 
38.546027 
37.345299 
17.355178 
18.415949 
24.375507 
20.374851 
24.534400 
12.712011 
21.081595 
12.064796 
29.713749 
25.903566 
31.367288 
45.894422 
33.992864 
33.675264 
42.760251 
18.817146 
29.748385 
18.852641 
16.147198 
27.829094 
12.696783 
1988.002036 
791.168330 
16.649367 
10.638253 
19.989008 
95.119339 
12.182436 
21.335391 
14.247321 
16.411882 
10.638253 
11.272981 
58.441178 
14.788697 
19.059988 
18.471493 
38.546027 
37.345299 
17.355178 
18.415949 
24.375507 
20.374851 
24.534400 
12.712011 
21.081595 
12.064796 
29.713749 
25.903566 
31.367288 
45.894422 
33.992864 
33.675264 
42.760251 
18.817146 
29.748385 
18.852641 
16.147198 
27.829094 
12.696783 
1988.002036 
791.168330 
16.649367 
10.638253 
19.989008 
95.119339 
12.182436 
21.335391 
14.247321 
16.411882 
10.638253 
11.272981 
58.441178 
14.788697 
19.059988 
18.471493 
38.546027 
37.345299 
17.355178 
18.415949 
24.375507 
20.374851 
24.534400 
12.712011 
21.081595 
12.064796 
29.713749 
25.903566 
31.367288 
45.894422 
33.992864 
33.675264 
42.760251 
18.817146 
29.748385 
18.852641 
16.147198 
27.829094 
12.696783 
1988.002036 
791.168330 
16.649367 
10.638253 
19.989008 
95.119339 
12.182436 
21.335391 
14.247321 
16.411882 
10.638253 
11.272981 
58.441178 
14.788697 
19.059988 
18.471493 
38.546027 
37.345299 
17.355178 
18.415949 
24.375507 
20.374851 
24.534400 
12.712011 
21.081595 
12.064796 
29.713749 
25.903566 
31.367288 
45.894422 
33.992864 
33.675264 
42.760251 
18.817146 
29.748385 
18.852641 
16.147198 
27.829094 
12.696783 
1988.002036 
791.168330 
16.649367 
10.638253 
19.989008 
95.119339 
12.182436 
21.335391 
14.247321 
16.411882 
10.638253 
11.272981 
58.441178 
14.788697 
19.059988 
18.471493 
38.546027 
37.345299 
17.355178 
18.415949 
24.375507 
20.374851 
24.534400 
12.712011 
21.081595 
12.064796 
29.713749 
25.903566 
31.367288 
45.894422 
33.992864 
33.675264 
42.760251 
18.817146 
29.748385 
18.852641 
16.147198 
27.829094 
12.696783 
