2072.140396 
813.490465 
17.264530 
12.017343 
20.705898 
110.992813 
26.795747 
20.580834 
23.197856 
15.626189 
12.017343 
20.084579 
29.342923 
15.156165 
17.220281 
17.280621 
22.895695 
23.718755 
19.643646 
13.395090 
19.566577 
16.717323 
24.224325 
15.973861 
17.601293 
14.499152 
31.386643 
23.536046 
22.666902 
41.047107 
33.679968 
34.620195 
48.086431 
16.849260 
23.893547 
20.876108 
18.628333 
23.108786 
13.313240 
2072.140396 
813.490465 
17.264530 
12.017343 
20.705898 
110.992813 
26.795747 
20.580834 
23.197856 
15.626189 
12.017343 
20.084579 
29.342923 
15.156165 
17.220281 
17.280621 
22.895695 
23.718755 
19.643646 
13.395090 
19.566577 
16.717323 
24.224325 
15.973861 
17.601293 
14.499152 
31.386643 
23.536046 
22.666902 
41.047107 
33.679968 
34.620195 
48.086431 
16.849260 
23.893547 
20.876108 
18.628333 
23.108786 
13.313240 
2072.140396 
813.490465 
17.264530 
12.017343 
20.705898 
110.992813 
26.795747 
20.580834 
23.197856 
15.626189 
12.017343 
20.084579 
29.342923 
15.156165 
17.220281 
17.280621 
22.895695 
23.718755 
19.643646 
13.395090 
19.566577 
16.717323 
24.224325 
15.973861 
17.601293 
14.499152 
31.386643 
23.536046 
22.666902 
41.047107 
33.679968 
34.620195 
48.086431 
16.849260 
23.893547 
20.876108 
18.628333 
23.108786 
13.313240 
2072.140396 
813.490465 
17.264530 
12.017343 
20.705898 
110.992813 
26.795747 
20.580834 
23.197856 
15.626189 
12.017343 
20.084579 
29.342923 
15.156165 
17.220281 
17.280621 
22.895695 
23.718755 
19.643646 
13.395090 
19.566577 
16.717323 
24.224325 
15.973861 
17.601293 
14.499152 
31.386643 
23.536046 
22.666902 
41.047107 
33.679968 
34.620195 
48.086431 
16.849260 
23.893547 
20.876108 
18.628333 
23.108786 
13.313240 
2072.140396 
813.490465 
17.264530 
12.017343 
20.705898 
110.992813 
26.795747 
20.580834 
23.197856 
15.626189 
12.017343 
20.084579 
29.342923 
15.156165 
17.220281 
17.280621 
22.895695 
23.718755 
19.643646 
13.395090 
19.566577 
16.717323 
24.224325 
15.973861 
17.601293 
14.499152 
31.386643 
23.536046 
22.666902 
41.047107 
33.679968 
34.620195 
48.086431 
16.849260 
23.893547 
20.876108 
18.628333 
23.108786 
13.313240 
