2027.504947 
818.375931 
18.634039 
9.162895 
20.237439 
83.181351 
33.218209 
17.317302 
24.384016 
22.585373 
9.162895 
21.479510 
30.556984 
21.853192 
29.713739 
18.926541 
16.273945 
14.161330 
25.213677 
25.476218 
18.726642 
13.658841 
11.819084 
14.517373 
23.473296 
16.080483 
35.189984 
24.126471 
41.847194 
57.263838 
32.451768 
41.347433 
30.061945 
16.506404 
22.403599 
25.257035 
18.737805 
33.704559 
17.214997 
2044.862929 
811.650371 
20.196222 
16.699865 
24.126519 
99.021695 
25.020311 
26.926999 
17.497292 
23.780556 
16.699865 
19.272612 
30.583842 
22.738163 
27.671623 
21.914362 
17.060721 
8.656743 
21.750414 
16.428050 
24.806570 
17.745841 
31.490501 
12.067125 
22.587688 
10.245853 
32.310308 
24.302826 
21.864122 
41.432883 
34.424375 
40.256424 
40.893326 
20.814022 
43.066216 
13.483250 
17.788187 
19.795559 
11.911560 
2044.862929 
811.650371 
20.196222 
16.699865 
24.126519 
99.021695 
25.020311 
26.926999 
17.497292 
23.780556 
16.699865 
19.272612 
30.583842 
22.738163 
27.671623 
21.914362 
17.060721 
8.656743 
21.750414 
16.428050 
24.806570 
17.745841 
31.490501 
12.067125 
22.587688 
10.245853 
32.310308 
24.302826 
21.864122 
41.432883 
34.424375 
40.256424 
40.893326 
20.814022 
43.066216 
13.483250 
17.788187 
19.795559 
11.911560 
2044.862929 
811.650371 
20.196222 
16.699865 
24.126519 
99.021695 
25.020311 
26.926999 
17.497292 
23.780556 
16.699865 
19.272612 
30.583842 
22.738163 
27.671623 
21.914362 
17.060721 
8.656743 
21.750414 
16.428050 
24.806570 
17.745841 
31.490501 
12.067125 
22.587688 
10.245853 
32.310308 
24.302826 
21.864122 
41.432883 
34.424375 
40.256424 
40.893326 
20.814022 
43.066216 
13.483250 
17.788187 
19.795559 
11.911560 
2044.862929 
811.650371 
20.196222 
16.699865 
24.126519 
99.021695 
25.020311 
26.926999 
17.497292 
23.780556 
16.699865 
19.272612 
30.583842 
22.738163 
27.671623 
21.914362 
17.060721 
8.656743 
21.750414 
16.428050 
24.806570 
17.745841 
31.490501 
12.067125 
22.587688 
10.245853 
32.310308 
24.302826 
21.864122 
41.432883 
34.424375 
40.256424 
40.893326 
20.814022 
43.066216 
13.483250 
17.788187 
19.795559 
11.911560 
