1940.754088 
773.337054 
20.174256 
22.459559 
18.651162 
85.626323 
25.825945 
22.714785 
18.244658 
11.529357 
22.459559 
22.131674 
20.953740 
18.526694 
23.614403 
13.246118 
30.012961 
13.256781 
17.284332 
16.864014 
17.821200 
13.673485 
22.423129 
19.571975 
16.539629 
17.872170 
34.976428 
26.342044 
49.525498 
40.341053 
40.370184 
44.186530 
30.132794 
18.486111 
47.309481 
18.219463 
19.216644 
29.619256 
10.696328 
1940.754088 
773.337054 
20.174256 
22.459559 
18.651162 
85.626323 
25.825945 
22.714785 
18.244658 
11.529357 
22.459559 
22.131674 
20.953740 
18.526694 
23.614403 
13.246118 
30.012961 
13.256781 
17.284332 
16.864014 
17.821200 
13.673485 
22.423129 
19.571975 
16.539629 
17.872170 
34.976428 
26.342044 
49.525498 
40.341053 
40.370184 
44.186530 
30.132794 
18.486111 
47.309481 
18.219463 
19.216644 
29.619256 
10.696328 
1940.754088 
773.337054 
20.174256 
22.459559 
18.651162 
85.626323 
25.825945 
22.714785 
18.244658 
11.529357 
22.459559 
22.131674 
20.953740 
18.526694 
23.614403 
13.246118 
30.012961 
13.256781 
17.284332 
16.864014 
17.821200 
13.673485 
22.423129 
19.571975 
16.539629 
17.872170 
34.976428 
26.342044 
49.525498 
40.341053 
40.370184 
44.186530 
30.132794 
18.486111 
47.309481 
18.219463 
19.216644 
29.619256 
10.696328 
1940.754088 
773.337054 
20.174256 
22.459559 
18.651162 
85.626323 
25.825945 
22.714785 
18.244658 
11.529357 
22.459559 
22.131674 
20.953740 
18.526694 
23.614403 
13.246118 
30.012961 
13.256781 
17.284332 
16.864014 
17.821200 
13.673485 
22.423129 
19.571975 
16.539629 
17.872170 
34.976428 
26.342044 
49.525498 
40.341053 
40.370184 
44.186530 
30.132794 
18.486111 
47.309481 
18.219463 
19.216644 
29.619256 
10.696328 
1940.754088 
773.337054 
20.174256 
22.459559 
18.651162 
85.626323 
25.825945 
22.714785 
18.244658 
11.529357 
22.459559 
22.131674 
20.953740 
18.526694 
23.614403 
13.246118 
30.012961 
13.256781 
17.284332 
16.864014 
17.821200 
13.673485 
22.423129 
19.571975 
16.539629 
17.872170 
34.976428 
26.342044 
49.525498 
40.341053 
40.370184 
44.186530 
30.132794 
18.486111 
47.309481 
18.219463 
19.216644 
29.619256 
10.696328 
