1994.475632 
795.091418 
19.037781 
16.204595 
19.960951 
102.564713 
25.367233 
23.820048 
20.872443 
15.609191 
16.204595 
15.410390 
24.086250 
16.884075 
28.479597 
17.283866 
26.224991 
22.752436 
19.711402 
14.933889 
21.510801 
13.353969 
24.948176 
8.492931 
25.650030 
8.057397 
32.292467 
20.245142 
21.474786 
36.330157 
28.016066 
36.606331 
41.362882 
17.923747 
32.885772 
20.697903 
19.489102 
14.086020 
14.125318 
1994.475632 
795.091418 
19.037781 
16.204595 
19.960951 
102.564713 
25.367233 
23.820048 
20.872443 
15.609191 
16.204595 
15.410390 
24.086250 
16.884075 
28.479597 
17.283866 
26.224991 
22.752436 
19.711402 
14.933889 
21.510801 
13.353969 
24.948176 
8.492931 
25.650030 
8.057397 
32.292467 
20.245142 
21.474786 
36.330157 
28.016066 
36.606331 
41.362882 
17.923747 
32.885772 
20.697903 
19.489102 
14.086020 
14.125318 
1994.475632 
795.091418 
19.037781 
16.204595 
19.960951 
102.564713 
25.367233 
23.820048 
20.872443 
15.609191 
16.204595 
15.410390 
24.086250 
16.884075 
28.479597 
17.283866 
26.224991 
22.752436 
19.711402 
14.933889 
21.510801 
13.353969 
24.948176 
8.492931 
25.650030 
8.057397 
32.292467 
20.245142 
21.474786 
36.330157 
28.016066 
36.606331 
41.362882 
17.923747 
32.885772 
20.697903 
19.489102 
14.086020 
14.125318 
1994.475632 
795.091418 
19.037781 
16.204595 
19.960951 
102.564713 
25.367233 
23.820048 
20.872443 
15.609191 
16.204595 
15.410390 
24.086250 
16.884075 
28.479597 
17.283866 
26.224991 
22.752436 
19.711402 
14.933889 
21.510801 
13.353969 
24.948176 
8.492931 
25.650030 
8.057397 
32.292467 
20.245142 
21.474786 
36.330157 
28.016066 
36.606331 
41.362882 
17.923747 
32.885772 
20.697903 
19.489102 
14.086020 
14.125318 
1994.475632 
795.091418 
19.037781 
16.204595 
19.960951 
102.564713 
25.367233 
23.820048 
20.872443 
15.609191 
16.204595 
15.410390 
24.086250 
16.884075 
28.479597 
17.283866 
26.224991 
22.752436 
19.711402 
14.933889 
21.510801 
13.353969 
24.948176 
8.492931 
25.650030 
8.057397 
32.292467 
20.245142 
21.474786 
36.330157 
28.016066 
36.606331 
41.362882 
17.923747 
32.885772 
20.697903 
19.489102 
14.086020 
14.125318 
