1964.855028 
813.934227 
17.425465 
14.582297 
19.213469 
75.326509 
37.528390 
23.555612 
18.126573 
15.864225 
14.582297 
20.362733 
23.270433 
20.072766 
18.000798 
16.192493 
12.411265 
14.383674 
20.658394 
12.666629 
24.277354 
14.807858 
29.055803 
12.047350 
15.642272 
24.288058 
42.460201 
22.773557 
29.781471 
37.051619 
31.311007 
42.724738 
33.991028 
16.681408 
20.056433 
12.199835 
14.567349 
32.026962 
11.642252 
1964.855028 
813.934227 
17.425465 
14.582297 
19.213469 
75.326509 
37.528390 
23.555612 
18.126573 
15.864225 
14.582297 
20.362733 
23.270433 
20.072766 
18.000798 
16.192493 
12.411265 
14.383674 
20.658394 
12.666629 
24.277354 
14.807858 
29.055803 
12.047350 
15.642272 
24.288058 
42.460201 
22.773557 
29.781471 
37.051619 
31.311007 
42.724738 
33.991028 
16.681408 
20.056433 
12.199835 
14.567349 
32.026962 
11.642252 
1964.855028 
813.934227 
17.425465 
14.582297 
19.213469 
75.326509 
37.528390 
23.555612 
18.126573 
15.864225 
14.582297 
20.362733 
23.270433 
20.072766 
18.000798 
16.192493 
12.411265 
14.383674 
20.658394 
12.666629 
24.277354 
14.807858 
29.055803 
12.047350 
15.642272 
24.288058 
42.460201 
22.773557 
29.781471 
37.051619 
31.311007 
42.724738 
33.991028 
16.681408 
20.056433 
12.199835 
14.567349 
32.026962 
11.642252 
1964.855028 
813.934227 
17.425465 
14.582297 
19.213469 
75.326509 
37.528390 
23.555612 
18.126573 
15.864225 
14.582297 
20.362733 
23.270433 
20.072766 
18.000798 
16.192493 
12.411265 
14.383674 
20.658394 
12.666629 
24.277354 
14.807858 
29.055803 
12.047350 
15.642272 
24.288058 
42.460201 
22.773557 
29.781471 
37.051619 
31.311007 
42.724738 
33.991028 
16.681408 
20.056433 
12.199835 
14.567349 
32.026962 
11.642252 
1964.855028 
813.934227 
17.425465 
14.582297 
19.213469 
75.326509 
37.528390 
23.555612 
18.126573 
15.864225 
14.582297 
20.362733 
23.270433 
20.072766 
18.000798 
16.192493 
12.411265 
14.383674 
20.658394 
12.666629 
24.277354 
14.807858 
29.055803 
12.047350 
15.642272 
24.288058 
42.460201 
22.773557 
29.781471 
37.051619 
31.311007 
42.724738 
33.991028 
16.681408 
20.056433 
12.199835 
14.567349 
32.026962 
11.642252 
