1995.505706 
830.046986 
22.440566 
27.715730 
21.893840 
78.493519 
35.268251 
20.728562 
32.055021 
17.738759 
27.715730 
25.643631 
18.537579 
11.067266 
39.748514 
18.459327 
15.664841 
10.787030 
22.196122 
22.986344 
22.346090 
18.419798 
40.812709 
21.004716 
9.922372 
27.666667 
43.352597 
22.994596 
35.866206 
37.987147 
28.655710 
44.393257 
29.183195 
20.260471 
43.136804 
21.097443 
20.023884 
25.236656 
15.466855 
1995.505706 
830.046986 
22.440566 
27.715730 
21.893840 
78.493519 
35.268251 
20.728562 
32.055021 
17.738759 
27.715730 
25.643631 
18.537579 
11.067266 
39.748514 
18.459327 
15.664841 
10.787030 
22.196122 
22.986344 
22.346090 
18.419798 
40.812709 
21.004716 
9.922372 
27.666667 
43.352597 
22.994596 
35.866206 
37.987147 
28.655710 
44.393257 
29.183195 
20.260471 
43.136804 
21.097443 
20.023884 
25.236656 
15.466855 
1995.505706 
830.046986 
22.440566 
27.715730 
21.893840 
78.493519 
35.268251 
20.728562 
32.055021 
17.738759 
27.715730 
25.643631 
18.537579 
11.067266 
39.748514 
18.459327 
15.664841 
10.787030 
22.196122 
22.986344 
22.346090 
18.419798 
40.812709 
21.004716 
9.922372 
27.666667 
43.352597 
22.994596 
35.866206 
37.987147 
28.655710 
44.393257 
29.183195 
20.260471 
43.136804 
21.097443 
20.023884 
25.236656 
15.466855 
1995.505706 
830.046986 
22.440566 
27.715730 
21.893840 
78.493519 
35.268251 
20.728562 
32.055021 
17.738759 
27.715730 
25.643631 
18.537579 
11.067266 
39.748514 
18.459327 
15.664841 
10.787030 
22.196122 
22.986344 
22.346090 
18.419798 
40.812709 
21.004716 
9.922372 
27.666667 
43.352597 
22.994596 
35.866206 
37.987147 
28.655710 
44.393257 
29.183195 
20.260471 
43.136804 
21.097443 
20.023884 
25.236656 
15.466855 
1995.505706 
830.046986 
22.440566 
27.715730 
21.893840 
78.493519 
35.268251 
20.728562 
32.055021 
17.738759 
27.715730 
25.643631 
18.537579 
11.067266 
39.748514 
18.459327 
15.664841 
10.787030 
22.196122 
22.986344 
22.346090 
18.419798 
40.812709 
21.004716 
9.922372 
27.666667 
43.352597 
22.994596 
35.866206 
37.987147 
28.655710 
44.393257 
29.183195 
20.260471 
43.136804 
21.097443 
20.023884 
25.236656 
15.466855 
