1952.437362 
781.914051 
23.772910 
20.128360 
24.330718 
71.406847 
22.949973 
35.623261 
22.369683 
21.694521 
20.128360 
24.190977 
26.638468 
17.958517 
31.006757 
20.481374 
29.943311 
21.255394 
27.373390 
20.217000 
29.067786 
16.533911 
35.797951 
15.154023 
17.733610 
13.360612 
34.931870 
25.485798 
42.014504 
39.593215 
35.017438 
43.944832 
28.860634 
21.194734 
58.075954 
25.386161 
22.805275 
28.562539 
12.175369 
1952.437362 
781.914051 
23.772910 
20.128360 
24.330718 
71.406847 
22.949973 
35.623261 
22.369683 
21.694521 
20.128360 
24.190977 
26.638468 
17.958517 
31.006757 
20.481374 
29.943311 
21.255394 
27.373390 
20.217000 
29.067786 
16.533911 
35.797951 
15.154023 
17.733610 
13.360612 
34.931870 
25.485798 
42.014504 
39.593215 
35.017438 
43.944832 
28.860634 
21.194734 
58.075954 
25.386161 
22.805275 
28.562539 
12.175369 
1952.437362 
781.914051 
23.772910 
20.128360 
24.330718 
71.406847 
22.949973 
35.623261 
22.369683 
21.694521 
20.128360 
24.190977 
26.638468 
17.958517 
31.006757 
20.481374 
29.943311 
21.255394 
27.373390 
20.217000 
29.067786 
16.533911 
35.797951 
15.154023 
17.733610 
13.360612 
34.931870 
25.485798 
42.014504 
39.593215 
35.017438 
43.944832 
28.860634 
21.194734 
58.075954 
25.386161 
22.805275 
28.562539 
12.175369 
1952.437362 
781.914051 
23.772910 
20.128360 
24.330718 
71.406847 
22.949973 
35.623261 
22.369683 
21.694521 
20.128360 
24.190977 
26.638468 
17.958517 
31.006757 
20.481374 
29.943311 
21.255394 
27.373390 
20.217000 
29.067786 
16.533911 
35.797951 
15.154023 
17.733610 
13.360612 
34.931870 
25.485798 
42.014504 
39.593215 
35.017438 
43.944832 
28.860634 
21.194734 
58.075954 
25.386161 
22.805275 
28.562539 
12.175369 
1952.437362 
781.914051 
23.772910 
20.128360 
24.330718 
71.406847 
22.949973 
35.623261 
22.369683 
21.694521 
20.128360 
24.190977 
26.638468 
17.958517 
31.006757 
20.481374 
29.943311 
21.255394 
27.373390 
20.217000 
29.067786 
16.533911 
35.797951 
15.154023 
17.733610 
13.360612 
34.931870 
25.485798 
42.014504 
39.593215 
35.017438 
43.944832 
28.860634 
21.194734 
58.075954 
25.386161 
22.805275 
28.562539 
12.175369 
