2004.563726 
802.880677 
20.907558 
24.059387 
20.463617 
76.603736 
29.552940 
16.038702 
24.721537 
16.759198 
24.059387 
14.951912 
43.296491 
27.447362 
30.432668 
17.380668 
31.471445 
24.422574 
12.119613 
9.359064 
10.678142 
15.436069 
29.880084 
21.828973 
11.312287 
38.652465 
46.883029 
13.985292 
15.981536 
11.376023 
11.816238 
31.855749 
11.153825 
20.784146 
29.390138 
19.716455 
19.599052 
10.595507 
9.332958 
2004.563726 
802.880677 
20.907558 
24.059387 
20.463617 
76.603736 
29.552940 
16.038702 
24.721537 
16.759198 
24.059387 
14.951912 
43.296491 
27.447362 
30.432668 
17.380668 
31.471445 
24.422574 
12.119613 
9.359064 
10.678142 
15.436069 
29.880084 
21.828973 
11.312287 
38.652465 
46.883029 
13.985292 
15.981536 
11.376023 
11.816238 
31.855749 
11.153825 
20.784146 
29.390138 
19.716455 
19.599052 
10.595507 
9.332958 
2004.563726 
802.880677 
20.907558 
24.059387 
20.463617 
76.603736 
29.552940 
16.038702 
24.721537 
16.759198 
24.059387 
14.951912 
43.296491 
27.447362 
30.432668 
17.380668 
31.471445 
24.422574 
12.119613 
9.359064 
10.678142 
15.436069 
29.880084 
21.828973 
11.312287 
38.652465 
46.883029 
13.985292 
15.981536 
11.376023 
11.816238 
31.855749 
11.153825 
20.784146 
29.390138 
19.716455 
19.599052 
10.595507 
9.332958 
2004.563726 
802.880677 
20.907558 
24.059387 
20.463617 
76.603736 
29.552940 
16.038702 
24.721537 
16.759198 
24.059387 
14.951912 
43.296491 
27.447362 
30.432668 
17.380668 
31.471445 
24.422574 
12.119613 
9.359064 
10.678142 
15.436069 
29.880084 
21.828973 
11.312287 
38.652465 
46.883029 
13.985292 
15.981536 
11.376023 
11.816238 
31.855749 
11.153825 
20.784146 
29.390138 
19.716455 
19.599052 
10.595507 
9.332958 
2004.563726 
802.880677 
20.907558 
24.059387 
20.463617 
76.603736 
29.552940 
16.038702 
24.721537 
16.759198 
24.059387 
14.951912 
43.296491 
27.447362 
30.432668 
17.380668 
31.471445 
24.422574 
12.119613 
9.359064 
10.678142 
15.436069 
29.880084 
21.828973 
11.312287 
38.652465 
46.883029 
13.985292 
15.981536 
11.376023 
11.816238 
31.855749 
11.153825 
20.784146 
29.390138 
19.716455 
19.599052 
10.595507 
9.332958 
