1955.671020 
787.408241 
21.384132 
22.664804 
21.063181 
71.081115 
46.303594 
26.230068 
14.640534 
19.436778 
22.664804 
18.396691 
35.167814 
21.595021 
28.602705 
18.897473 
17.348122 
29.352764 
15.548402 
22.657742 
14.404892 
20.688083 
30.558743 
10.134636 
16.591650 
36.414251 
37.284442 
18.327476 
26.608043 
34.843031 
27.491833 
39.002296 
45.305093 
20.761914 
40.884087 
12.424615 
16.232382 
23.440762 
12.617793 
1955.671020 
787.408241 
21.384132 
22.664804 
21.063181 
71.081115 
46.303594 
26.230068 
14.640534 
19.436778 
22.664804 
18.396691 
35.167814 
21.595021 
28.602705 
18.897473 
17.348122 
29.352764 
15.548402 
22.657742 
14.404892 
20.688083 
30.558743 
10.134636 
16.591650 
36.414251 
37.284442 
18.327476 
26.608043 
34.843031 
27.491833 
39.002296 
45.305093 
20.761914 
40.884087 
12.424615 
16.232382 
23.440762 
12.617793 
1955.671020 
787.408241 
21.384132 
22.664804 
21.063181 
71.081115 
46.303594 
26.230068 
14.640534 
19.436778 
22.664804 
18.396691 
35.167814 
21.595021 
28.602705 
18.897473 
17.348122 
29.352764 
15.548402 
22.657742 
14.404892 
20.688083 
30.558743 
10.134636 
16.591650 
36.414251 
37.284442 
18.327476 
26.608043 
34.843031 
27.491833 
39.002296 
45.305093 
20.761914 
40.884087 
12.424615 
16.232382 
23.440762 
12.617793 
1955.671020 
787.408241 
21.384132 
22.664804 
21.063181 
71.081115 
46.303594 
26.230068 
14.640534 
19.436778 
22.664804 
18.396691 
35.167814 
21.595021 
28.602705 
18.897473 
17.348122 
29.352764 
15.548402 
22.657742 
14.404892 
20.688083 
30.558743 
10.134636 
16.591650 
36.414251 
37.284442 
18.327476 
26.608043 
34.843031 
27.491833 
39.002296 
45.305093 
20.761914 
40.884087 
12.424615 
16.232382 
23.440762 
12.617793 
1955.671020 
787.408241 
21.384132 
22.664804 
21.063181 
71.081115 
46.303594 
26.230068 
14.640534 
19.436778 
22.664804 
18.396691 
35.167814 
21.595021 
28.602705 
18.897473 
17.348122 
29.352764 
15.548402 
22.657742 
14.404892 
20.688083 
30.558743 
10.134636 
16.591650 
36.414251 
37.284442 
18.327476 
26.608043 
34.843031 
27.491833 
39.002296 
45.305093 
20.761914 
40.884087 
12.424615 
16.232382 
23.440762 
12.617793 
