1949.043763 
795.838034 
20.063230 
17.633749 
21.295981 
79.712780 
26.652097 
26.176296 
19.580001 
15.548860 
17.633749 
18.438840 
22.681695 
24.706731 
25.262413 
18.959042 
20.673034 
15.990901 
24.279448 
12.965877 
25.232164 
9.130075 
32.684405 
13.243170 
28.565785 
13.195183 
32.586509 
26.525669 
27.365743 
46.370005 
32.819377 
37.827608 
35.128449 
21.107799 
25.473122 
19.877641 
18.615379 
19.588545 
13.328577 
1949.043763 
795.838034 
20.063230 
17.633749 
21.295981 
79.712780 
26.652097 
26.176296 
19.580001 
15.548860 
17.633749 
18.438840 
22.681695 
24.706731 
25.262413 
18.959042 
20.673034 
15.990901 
24.279448 
12.965877 
25.232164 
9.130075 
32.684405 
13.243170 
28.565785 
13.195183 
32.586509 
26.525669 
27.365743 
46.370005 
32.819377 
37.827608 
35.128449 
21.107799 
25.473122 
19.877641 
18.615379 
19.588545 
13.328577 
1949.043763 
795.838034 
20.063230 
17.633749 
21.295981 
79.712780 
26.652097 
26.176296 
19.580001 
15.548860 
17.633749 
18.438840 
22.681695 
24.706731 
25.262413 
18.959042 
20.673034 
15.990901 
24.279448 
12.965877 
25.232164 
9.130075 
32.684405 
13.243170 
28.565785 
13.195183 
32.586509 
26.525669 
27.365743 
46.370005 
32.819377 
37.827608 
35.128449 
21.107799 
25.473122 
19.877641 
18.615379 
19.588545 
13.328577 
1949.043763 
795.838034 
20.063230 
17.633749 
21.295981 
79.712780 
26.652097 
26.176296 
19.580001 
15.548860 
17.633749 
18.438840 
22.681695 
24.706731 
25.262413 
18.959042 
20.673034 
15.990901 
24.279448 
12.965877 
25.232164 
9.130075 
32.684405 
13.243170 
28.565785 
13.195183 
32.586509 
26.525669 
27.365743 
46.370005 
32.819377 
37.827608 
35.128449 
21.107799 
25.473122 
19.877641 
18.615379 
19.588545 
13.328577 
1949.043763 
795.838034 
20.063230 
17.633749 
21.295981 
79.712780 
26.652097 
26.176296 
19.580001 
15.548860 
17.633749 
18.438840 
22.681695 
24.706731 
25.262413 
18.959042 
20.673034 
15.990901 
24.279448 
12.965877 
25.232164 
9.130075 
32.684405 
13.243170 
28.565785 
13.195183 
32.586509 
26.525669 
27.365743 
46.370005 
32.819377 
37.827608 
35.128449 
21.107799 
25.473122 
19.877641 
18.615379 
19.588545 
13.328577 
