2020.628433 
800.415845 
25.697919 
20.346738 
24.422180 
48.307605 
36.681203 
21.581274 
40.368929 
11.795491 
20.346738 
18.944463 
60.137624 
16.069889 
27.275455 
26.853087 
34.524807 
35.849882 
31.400578 
22.739365 
15.688031 
26.257366 
29.629666 
16.580463 
14.002686 
45.177323 
44.138391 
17.499207 
11.839033 
17.043069 
17.699040 
30.940332 
23.187154 
23.267449 
20.968528 
20.387063 
21.703221 
10.011173 
9.032033 
2020.628433 
800.415845 
25.697919 
20.346738 
24.422180 
48.307605 
36.681203 
21.581274 
40.368929 
11.795491 
20.346738 
18.944463 
60.137624 
16.069889 
27.275455 
26.853087 
34.524807 
35.849882 
31.400578 
22.739365 
15.688031 
26.257366 
29.629666 
16.580463 
14.002686 
45.177323 
44.138391 
17.499207 
11.839033 
17.043069 
17.699040 
30.940332 
23.187154 
23.267449 
20.968528 
20.387063 
21.703221 
10.011173 
9.032033 
2020.628433 
800.415845 
25.697919 
20.346738 
24.422180 
48.307605 
36.681203 
21.581274 
40.368929 
11.795491 
20.346738 
18.944463 
60.137624 
16.069889 
27.275455 
26.853087 
34.524807 
35.849882 
31.400578 
22.739365 
15.688031 
26.257366 
29.629666 
16.580463 
14.002686 
45.177323 
44.138391 
17.499207 
11.839033 
17.043069 
17.699040 
30.940332 
23.187154 
23.267449 
20.968528 
20.387063 
21.703221 
10.011173 
9.032033 
2020.628433 
800.415845 
25.697919 
20.346738 
24.422180 
48.307605 
36.681203 
21.581274 
40.368929 
11.795491 
20.346738 
18.944463 
60.137624 
16.069889 
27.275455 
26.853087 
34.524807 
35.849882 
31.400578 
22.739365 
15.688031 
26.257366 
29.629666 
16.580463 
14.002686 
45.177323 
44.138391 
17.499207 
11.839033 
17.043069 
17.699040 
30.940332 
23.187154 
23.267449 
20.968528 
20.387063 
21.703221 
10.011173 
9.032033 
2020.628433 
800.415845 
25.697919 
20.346738 
24.422180 
48.307605 
36.681203 
21.581274 
40.368929 
11.795491 
20.346738 
18.944463 
60.137624 
16.069889 
27.275455 
26.853087 
34.524807 
35.849882 
31.400578 
22.739365 
15.688031 
26.257366 
29.629666 
16.580463 
14.002686 
45.177323 
44.138391 
17.499207 
11.839033 
17.043069 
17.699040 
30.940332 
23.187154 
23.267449 
20.968528 
20.387063 
21.703221 
10.011173 
9.032033 
