2031.619097 
802.417742 
20.710387 
13.973957 
25.135312 
96.816909 
33.571302 
28.083651 
21.709624 
26.011995 
13.973957 
21.532307 
30.358206 
20.461880 
27.899521 
18.022164 
28.380472 
25.872031 
21.263905 
17.888695 
17.584940 
17.924111 
26.324605 
13.326113 
15.943669 
15.532442 
29.651708 
17.802171 
16.315254 
25.552846 
20.694375 
32.475358 
23.145731 
19.098111 
27.199531 
22.564047 
18.902365 
14.874019 
11.579089 
2031.619097 
802.417742 
20.710387 
13.973957 
25.135312 
96.816909 
33.571302 
28.083651 
21.709624 
26.011995 
13.973957 
21.532307 
30.358206 
20.461880 
27.899521 
18.022164 
28.380472 
25.872031 
21.263905 
17.888695 
17.584940 
17.924111 
26.324605 
13.326113 
15.943669 
15.532442 
29.651708 
17.802171 
16.315254 
25.552846 
20.694375 
32.475358 
23.145731 
19.098111 
27.199531 
22.564047 
18.902365 
14.874019 
11.579089 
2031.619097 
802.417742 
20.710387 
13.973957 
25.135312 
96.816909 
33.571302 
28.083651 
21.709624 
26.011995 
13.973957 
21.532307 
30.358206 
20.461880 
27.899521 
18.022164 
28.380472 
25.872031 
21.263905 
17.888695 
17.584940 
17.924111 
26.324605 
13.326113 
15.943669 
15.532442 
29.651708 
17.802171 
16.315254 
25.552846 
20.694375 
32.475358 
23.145731 
19.098111 
27.199531 
22.564047 
18.902365 
14.874019 
11.579089 
2031.619097 
802.417742 
20.710387 
13.973957 
25.135312 
96.816909 
33.571302 
28.083651 
21.709624 
26.011995 
13.973957 
21.532307 
30.358206 
20.461880 
27.899521 
18.022164 
28.380472 
25.872031 
21.263905 
17.888695 
17.584940 
17.924111 
26.324605 
13.326113 
15.943669 
15.532442 
29.651708 
17.802171 
16.315254 
25.552846 
20.694375 
32.475358 
23.145731 
19.098111 
27.199531 
22.564047 
18.902365 
14.874019 
11.579089 
2031.619097 
802.417742 
20.710387 
13.973957 
25.135312 
96.816909 
33.571302 
28.083651 
21.709624 
26.011995 
13.973957 
21.532307 
30.358206 
20.461880 
27.899521 
18.022164 
28.380472 
25.872031 
21.263905 
17.888695 
17.584940 
17.924111 
26.324605 
13.326113 
15.943669 
15.532442 
29.651708 
17.802171 
16.315254 
25.552846 
20.694375 
32.475358 
23.145731 
19.098111 
27.199531 
22.564047 
18.902365 
14.874019 
11.579089 
