1959.622997 
803.162687 
16.609545 
15.382849 
18.836939 
71.610958 
47.431367 
19.142686 
26.030388 
10.549778 
15.382849 
19.356100 
36.999221 
16.688321 
27.687107 
15.530661 
19.161129 
16.455315 
22.669684 
13.465469 
20.232681 
13.564713 
41.032292 
13.582105 
8.552845 
47.704555 
50.637592 
14.645037 
22.306658 
25.056154 
22.367202 
41.081574 
32.722325 
17.175952 
22.771975 
17.400009 
16.088051 
23.084793 
13.797640 
1959.622997 
803.162687 
16.609545 
15.382849 
18.836939 
71.610958 
47.431367 
19.142686 
26.030388 
10.549778 
15.382849 
19.356100 
36.999221 
16.688321 
27.687107 
15.530661 
19.161129 
16.455315 
22.669684 
13.465469 
20.232681 
13.564713 
41.032292 
13.582105 
8.552845 
47.704555 
50.637592 
14.645037 
22.306658 
25.056154 
22.367202 
41.081574 
32.722325 
17.175952 
22.771975 
17.400009 
16.088051 
23.084793 
13.797640 
1959.622997 
803.162687 
16.609545 
15.382849 
18.836939 
71.610958 
47.431367 
19.142686 
26.030388 
10.549778 
15.382849 
19.356100 
36.999221 
16.688321 
27.687107 
15.530661 
19.161129 
16.455315 
22.669684 
13.465469 
20.232681 
13.564713 
41.032292 
13.582105 
8.552845 
47.704555 
50.637592 
14.645037 
22.306658 
25.056154 
22.367202 
41.081574 
32.722325 
17.175952 
22.771975 
17.400009 
16.088051 
23.084793 
13.797640 
1959.622997 
803.162687 
16.609545 
15.382849 
18.836939 
71.610958 
47.431367 
19.142686 
26.030388 
10.549778 
15.382849 
19.356100 
36.999221 
16.688321 
27.687107 
15.530661 
19.161129 
16.455315 
22.669684 
13.465469 
20.232681 
13.564713 
41.032292 
13.582105 
8.552845 
47.704555 
50.637592 
14.645037 
22.306658 
25.056154 
22.367202 
41.081574 
32.722325 
17.175952 
22.771975 
17.400009 
16.088051 
23.084793 
13.797640 
1959.622997 
803.162687 
16.609545 
15.382849 
18.836939 
71.610958 
47.431367 
19.142686 
26.030388 
10.549778 
15.382849 
19.356100 
36.999221 
16.688321 
27.687107 
15.530661 
19.161129 
16.455315 
22.669684 
13.465469 
20.232681 
13.564713 
41.032292 
13.582105 
8.552845 
47.704555 
50.637592 
14.645037 
22.306658 
25.056154 
22.367202 
41.081574 
32.722325 
17.175952 
22.771975 
17.400009 
16.088051 
23.084793 
13.797640 
