2022.358732 
797.229184 
20.156809 
14.989015 
21.550235 
118.002144 
19.983915 
28.052863 
20.237149 
18.045315 
14.989015 
23.267220 
17.568519 
17.065233 
18.859733 
20.123127 
26.382240 
19.758903 
18.387895 
12.635305 
19.796612 
25.474808 
27.432479 
15.918890 
17.273313 
17.701056 
37.124121 
24.303923 
38.242649 
43.564887 
35.115730 
40.567150 
44.400499 
19.869062 
43.879202 
22.629277 
21.703277 
36.902556 
12.196212 
2022.358732 
797.229184 
20.156809 
14.989015 
21.550235 
118.002144 
19.983915 
28.052863 
20.237149 
18.045315 
14.989015 
23.267220 
17.568519 
17.065233 
18.859733 
20.123127 
26.382240 
19.758903 
18.387895 
12.635305 
19.796612 
25.474808 
27.432479 
15.918890 
17.273313 
17.701056 
37.124121 
24.303923 
38.242649 
43.564887 
35.115730 
40.567150 
44.400499 
19.869062 
43.879202 
22.629277 
21.703277 
36.902556 
12.196212 
2022.358732 
797.229184 
20.156809 
14.989015 
21.550235 
118.002144 
19.983915 
28.052863 
20.237149 
18.045315 
14.989015 
23.267220 
17.568519 
17.065233 
18.859733 
20.123127 
26.382240 
19.758903 
18.387895 
12.635305 
19.796612 
25.474808 
27.432479 
15.918890 
17.273313 
17.701056 
37.124121 
24.303923 
38.242649 
43.564887 
35.115730 
40.567150 
44.400499 
19.869062 
43.879202 
22.629277 
21.703277 
36.902556 
12.196212 
2022.358732 
797.229184 
20.156809 
14.989015 
21.550235 
118.002144 
19.983915 
28.052863 
20.237149 
18.045315 
14.989015 
23.267220 
17.568519 
17.065233 
18.859733 
20.123127 
26.382240 
19.758903 
18.387895 
12.635305 
19.796612 
25.474808 
27.432479 
15.918890 
17.273313 
17.701056 
37.124121 
24.303923 
38.242649 
43.564887 
35.115730 
40.567150 
44.400499 
19.869062 
43.879202 
22.629277 
21.703277 
36.902556 
12.196212 
2022.358732 
797.229184 
20.156809 
14.989015 
21.550235 
118.002144 
19.983915 
28.052863 
20.237149 
18.045315 
14.989015 
23.267220 
17.568519 
17.065233 
18.859733 
20.123127 
26.382240 
19.758903 
18.387895 
12.635305 
19.796612 
25.474808 
27.432479 
15.918890 
17.273313 
17.701056 
37.124121 
24.303923 
38.242649 
43.564887 
35.115730 
40.567150 
44.400499 
19.869062 
43.879202 
22.629277 
21.703277 
36.902556 
12.196212 
