2020.231752 
810.040965 
16.804698 
23.132918 
19.254461 
102.873283 
21.461152 
22.335037 
18.459612 
17.684359 
23.132918 
18.011957 
79.477597 
19.251266 
10.978869 
15.275363 
42.021738 
41.910770 
20.628156 
19.819151 
15.247490 
12.184927 
9.280826 
19.010929 
13.185392 
13.158791 
12.834666 
11.904677 
12.009674 
8.159170 
12.939853 
11.715739 
15.791319 
15.901768 
11.015532 
10.684364 
13.834177 
11.409599 
16.420015 
2020.231752 
810.040965 
16.804698 
23.132918 
19.254461 
102.873283 
21.461152 
22.335037 
18.459612 
17.684359 
23.132918 
18.011957 
79.477597 
19.251266 
10.978869 
15.275363 
42.021738 
41.910770 
20.628156 
19.819151 
15.247490 
12.184927 
9.280826 
19.010929 
13.185392 
13.158791 
12.834666 
11.904677 
12.009674 
8.159170 
12.939853 
11.715739 
15.791319 
15.901768 
11.015532 
10.684364 
13.834177 
11.409599 
16.420015 
2020.231752 
810.040965 
16.804698 
23.132918 
19.254461 
102.873283 
21.461152 
22.335037 
18.459612 
17.684359 
23.132918 
18.011957 
79.477597 
19.251266 
10.978869 
15.275363 
42.021738 
41.910770 
20.628156 
19.819151 
15.247490 
12.184927 
9.280826 
19.010929 
13.185392 
13.158791 
12.834666 
11.904677 
12.009674 
8.159170 
12.939853 
11.715739 
15.791319 
15.901768 
11.015532 
10.684364 
13.834177 
11.409599 
16.420015 
2020.231752 
810.040965 
16.804698 
23.132918 
19.254461 
102.873283 
21.461152 
22.335037 
18.459612 
17.684359 
23.132918 
18.011957 
79.477597 
19.251266 
10.978869 
15.275363 
42.021738 
41.910770 
20.628156 
19.819151 
15.247490 
12.184927 
9.280826 
19.010929 
13.185392 
13.158791 
12.834666 
11.904677 
12.009674 
8.159170 
12.939853 
11.715739 
15.791319 
15.901768 
11.015532 
10.684364 
13.834177 
11.409599 
16.420015 
2020.231752 
810.040965 
16.804698 
23.132918 
19.254461 
102.873283 
21.461152 
22.335037 
18.459612 
17.684359 
23.132918 
18.011957 
79.477597 
19.251266 
10.978869 
15.275363 
42.021738 
41.910770 
20.628156 
19.819151 
15.247490 
12.184927 
9.280826 
19.010929 
13.185392 
13.158791 
12.834666 
11.904677 
12.009674 
8.159170 
12.939853 
11.715739 
15.791319 
15.901768 
11.015532 
10.684364 
13.834177 
11.409599 
16.420015 
