2036.946611 
824.305121 
17.211552 
18.893380 
20.156623 
104.671699 
24.925695 
14.081548 
22.137849 
14.066687 
18.893380 
14.403240 
35.359657 
15.792952 
12.425798 
17.597903 
27.682026 
26.739328 
17.376378 
12.919633 
15.963801 
17.643029 
7.121075 
18.507709 
14.319791 
10.394241 
10.198939 
13.701833 
14.693932 
12.577039 
15.703069 
11.716349 
14.464742 
17.490208 
19.263457 
13.514787 
14.971882 
16.820045 
17.821327 
2036.946611 
824.305121 
17.211552 
18.893380 
20.156623 
104.671699 
24.925695 
14.081548 
22.137849 
14.066687 
18.893380 
14.403240 
35.359657 
15.792952 
12.425798 
17.597903 
27.682026 
26.739328 
17.376378 
12.919633 
15.963801 
17.643029 
7.121075 
18.507709 
14.319791 
10.394241 
10.198939 
13.701833 
14.693932 
12.577039 
15.703069 
11.716349 
14.464742 
17.490208 
19.263457 
13.514787 
14.971882 
16.820045 
17.821327 
2036.946611 
824.305121 
17.211552 
18.893380 
20.156623 
104.671699 
24.925695 
14.081548 
22.137849 
14.066687 
18.893380 
14.403240 
35.359657 
15.792952 
12.425798 
17.597903 
27.682026 
26.739328 
17.376378 
12.919633 
15.963801 
17.643029 
7.121075 
18.507709 
14.319791 
10.394241 
10.198939 
13.701833 
14.693932 
12.577039 
15.703069 
11.716349 
14.464742 
17.490208 
19.263457 
13.514787 
14.971882 
16.820045 
17.821327 
2036.946611 
824.305121 
17.211552 
18.893380 
20.156623 
104.671699 
24.925695 
14.081548 
22.137849 
14.066687 
18.893380 
14.403240 
35.359657 
15.792952 
12.425798 
17.597903 
27.682026 
26.739328 
17.376378 
12.919633 
15.963801 
17.643029 
7.121075 
18.507709 
14.319791 
10.394241 
10.198939 
13.701833 
14.693932 
12.577039 
15.703069 
11.716349 
14.464742 
17.490208 
19.263457 
13.514787 
14.971882 
16.820045 
17.821327 
2036.946611 
824.305121 
17.211552 
18.893380 
20.156623 
104.671699 
24.925695 
14.081548 
22.137849 
14.066687 
18.893380 
14.403240 
35.359657 
15.792952 
12.425798 
17.597903 
27.682026 
26.739328 
17.376378 
12.919633 
15.963801 
17.643029 
7.121075 
18.507709 
14.319791 
10.394241 
10.198939 
13.701833 
14.693932 
12.577039 
15.703069 
11.716349 
14.464742 
17.490208 
19.263457 
13.514787 
14.971882 
16.820045 
17.821327 
