1986.035992 
776.136231 
20.813280 
23.945601 
21.095125 
87.958233 
34.278157 
20.603482 
28.308800 
15.404618 
23.945601 
22.163948 
57.001290 
14.271150 
24.688120 
16.317429 
36.716935 
34.824989 
26.631495 
21.864622 
14.714723 
18.264043 
18.281667 
15.219614 
15.187179 
13.909109 
13.456293 
15.123642 
15.837168 
19.150622 
15.706067 
14.658926 
15.428437 
16.531697 
20.509109 
12.370940 
16.957082 
16.930651 
21.898785 
1986.035992 
776.136231 
20.813280 
23.945601 
21.095125 
87.958233 
34.278157 
20.603482 
28.308800 
15.404618 
23.945601 
22.163948 
57.001290 
14.271150 
24.688120 
16.317429 
36.716935 
34.824989 
26.631495 
21.864622 
14.714723 
18.264043 
18.281667 
15.219614 
15.187179 
13.909109 
13.456293 
15.123642 
15.837168 
19.150622 
15.706067 
14.658926 
15.428437 
16.531697 
20.509109 
12.370940 
16.957082 
16.930651 
21.898785 
1986.035992 
776.136231 
20.813280 
23.945601 
21.095125 
87.958233 
34.278157 
20.603482 
28.308800 
15.404618 
23.945601 
22.163948 
57.001290 
14.271150 
24.688120 
16.317429 
36.716935 
34.824989 
26.631495 
21.864622 
14.714723 
18.264043 
18.281667 
15.219614 
15.187179 
13.909109 
13.456293 
15.123642 
15.837168 
19.150622 
15.706067 
14.658926 
15.428437 
16.531697 
20.509109 
12.370940 
16.957082 
16.930651 
21.898785 
1986.035992 
776.136231 
20.813280 
23.945601 
21.095125 
87.958233 
34.278157 
20.603482 
28.308800 
15.404618 
23.945601 
22.163948 
57.001290 
14.271150 
24.688120 
16.317429 
36.716935 
34.824989 
26.631495 
21.864622 
14.714723 
18.264043 
18.281667 
15.219614 
15.187179 
13.909109 
13.456293 
15.123642 
15.837168 
19.150622 
15.706067 
14.658926 
15.428437 
16.531697 
20.509109 
12.370940 
16.957082 
16.930651 
21.898785 
1986.035992 
776.136231 
20.813280 
23.945601 
21.095125 
87.958233 
34.278157 
20.603482 
28.308800 
15.404618 
23.945601 
22.163948 
57.001290 
14.271150 
24.688120 
16.317429 
36.716935 
34.824989 
26.631495 
21.864622 
14.714723 
18.264043 
18.281667 
15.219614 
15.187179 
13.909109 
13.456293 
15.123642 
15.837168 
19.150622 
15.706067 
14.658926 
15.428437 
16.531697 
20.509109 
12.370940 
16.957082 
16.930651 
21.898785 
