2023.780798 
819.192991 
16.599426 
17.334384 
20.943614 
88.293242 
20.838383 
12.959415 
34.226757 
13.768448 
17.334384 
14.299843 
30.102853 
21.062426 
15.617113 
11.925673 
27.183573 
16.839826 
19.871352 
17.449777 
8.179527 
9.249835 
14.296556 
18.667479 
13.163147 
9.949881 
11.714640 
13.913876 
15.096106 
16.319460 
16.229203 
13.101774 
11.820106 
14.338665 
16.178747 
8.123315 
10.830615 
18.950586 
19.497677 
2023.780798 
819.192991 
16.599426 
17.334384 
20.943614 
88.293242 
20.838383 
12.959415 
34.226757 
13.768448 
17.334384 
14.299843 
30.102853 
21.062426 
15.617113 
11.925673 
27.183573 
16.839826 
19.871352 
17.449777 
8.179527 
9.249835 
14.296556 
18.667479 
13.163147 
9.949881 
11.714640 
13.913876 
15.096106 
16.319460 
16.229203 
13.101774 
11.820106 
14.338665 
16.178747 
8.123315 
10.830615 
18.950586 
19.497677 
2023.780798 
819.192991 
16.599426 
17.334384 
20.943614 
88.293242 
20.838383 
12.959415 
34.226757 
13.768448 
17.334384 
14.299843 
30.102853 
21.062426 
15.617113 
11.925673 
27.183573 
16.839826 
19.871352 
17.449777 
8.179527 
9.249835 
14.296556 
18.667479 
13.163147 
9.949881 
11.714640 
13.913876 
15.096106 
16.319460 
16.229203 
13.101774 
11.820106 
14.338665 
16.178747 
8.123315 
10.830615 
18.950586 
19.497677 
2023.780798 
819.192991 
16.599426 
17.334384 
20.943614 
88.293242 
20.838383 
12.959415 
34.226757 
13.768448 
17.334384 
14.299843 
30.102853 
21.062426 
15.617113 
11.925673 
27.183573 
16.839826 
19.871352 
17.449777 
8.179527 
9.249835 
14.296556 
18.667479 
13.163147 
9.949881 
11.714640 
13.913876 
15.096106 
16.319460 
16.229203 
13.101774 
11.820106 
14.338665 
16.178747 
8.123315 
10.830615 
18.950586 
19.497677 
2023.780798 
819.192991 
16.599426 
17.334384 
20.943614 
88.293242 
20.838383 
12.959415 
34.226757 
13.768448 
17.334384 
14.299843 
30.102853 
21.062426 
15.617113 
11.925673 
27.183573 
16.839826 
19.871352 
17.449777 
8.179527 
9.249835 
14.296556 
18.667479 
13.163147 
9.949881 
11.714640 
13.913876 
15.096106 
16.319460 
16.229203 
13.101774 
11.820106 
14.338665 
16.178747 
8.123315 
10.830615 
18.950586 
19.497677 
