2022.140680 
819.872049 
18.660413 
17.123819 
19.458533 
119.146044 
22.805837 
18.122597 
26.844360 
18.547079 
17.123819 
17.959417 
39.778398 
23.519906 
21.460627 
15.130265 
31.623797 
29.885686 
24.224066 
18.662400 
13.697817 
12.602989 
11.988433 
15.846732 
14.563690 
10.822541 
14.880129 
12.788229 
15.362902 
11.018963 
17.455776 
12.313440 
14.757998 
16.942365 
18.307682 
7.738417 
13.273715 
14.826737 
18.702882 
2022.140680 
819.872049 
18.660413 
17.123819 
19.458533 
119.146044 
22.805837 
18.122597 
26.844360 
18.547079 
17.123819 
17.959417 
39.778398 
23.519906 
21.460627 
15.130265 
31.623797 
29.885686 
24.224066 
18.662400 
13.697817 
12.602989 
11.988433 
15.846732 
14.563690 
10.822541 
14.880129 
12.788229 
15.362902 
11.018963 
17.455776 
12.313440 
14.757998 
16.942365 
18.307682 
7.738417 
13.273715 
14.826737 
18.702882 
2022.140680 
819.872049 
18.660413 
17.123819 
19.458533 
119.146044 
22.805837 
18.122597 
26.844360 
18.547079 
17.123819 
17.959417 
39.778398 
23.519906 
21.460627 
15.130265 
31.623797 
29.885686 
24.224066 
18.662400 
13.697817 
12.602989 
11.988433 
15.846732 
14.563690 
10.822541 
14.880129 
12.788229 
15.362902 
11.018963 
17.455776 
12.313440 
14.757998 
16.942365 
18.307682 
7.738417 
13.273715 
14.826737 
18.702882 
2022.140680 
819.872049 
18.660413 
17.123819 
19.458533 
119.146044 
22.805837 
18.122597 
26.844360 
18.547079 
17.123819 
17.959417 
39.778398 
23.519906 
21.460627 
15.130265 
31.623797 
29.885686 
24.224066 
18.662400 
13.697817 
12.602989 
11.988433 
15.846732 
14.563690 
10.822541 
14.880129 
12.788229 
15.362902 
11.018963 
17.455776 
12.313440 
14.757998 
16.942365 
18.307682 
7.738417 
13.273715 
14.826737 
18.702882 
2022.140680 
819.872049 
18.660413 
17.123819 
19.458533 
119.146044 
22.805837 
18.122597 
26.844360 
18.547079 
17.123819 
17.959417 
39.778398 
23.519906 
21.460627 
15.130265 
31.623797 
29.885686 
24.224066 
18.662400 
13.697817 
12.602989 
11.988433 
15.846732 
14.563690 
10.822541 
14.880129 
12.788229 
15.362902 
11.018963 
17.455776 
12.313440 
14.757998 
16.942365 
18.307682 
7.738417 
13.273715 
14.826737 
18.702882 
