2001.152071 
806.934843 
18.540604 
22.661673 
20.959736 
68.220067 
24.724708 
17.778047 
14.984316 
15.946103 
22.661673 
16.119643 
42.187122 
21.196438 
17.869665 
13.270418 
29.315654 
21.105874 
15.375900 
19.068102 
11.480204 
18.801232 
15.792421 
15.920282 
21.594362 
11.085503 
10.136674 
14.258991 
14.267470 
12.728555 
15.091456 
13.588122 
11.755116 
17.108400 
12.214099 
9.007871 
13.163491 
17.957760 
17.865409 
2001.152071 
806.934843 
18.540604 
22.661673 
20.959736 
68.220067 
24.724708 
17.778047 
14.984316 
15.946103 
22.661673 
16.119643 
42.187122 
21.196438 
17.869665 
13.270418 
29.315654 
21.105874 
15.375900 
19.068102 
11.480204 
18.801232 
15.792421 
15.920282 
21.594362 
11.085503 
10.136674 
14.258991 
14.267470 
12.728555 
15.091456 
13.588122 
11.755116 
17.108400 
12.214099 
9.007871 
13.163491 
17.957760 
17.865409 
2001.152071 
806.934843 
18.540604 
22.661673 
20.959736 
68.220067 
24.724708 
17.778047 
14.984316 
15.946103 
22.661673 
16.119643 
42.187122 
21.196438 
17.869665 
13.270418 
29.315654 
21.105874 
15.375900 
19.068102 
11.480204 
18.801232 
15.792421 
15.920282 
21.594362 
11.085503 
10.136674 
14.258991 
14.267470 
12.728555 
15.091456 
13.588122 
11.755116 
17.108400 
12.214099 
9.007871 
13.163491 
17.957760 
17.865409 
2001.152071 
806.934843 
18.540604 
22.661673 
20.959736 
68.220067 
24.724708 
17.778047 
14.984316 
15.946103 
22.661673 
16.119643 
42.187122 
21.196438 
17.869665 
13.270418 
29.315654 
21.105874 
15.375900 
19.068102 
11.480204 
18.801232 
15.792421 
15.920282 
21.594362 
11.085503 
10.136674 
14.258991 
14.267470 
12.728555 
15.091456 
13.588122 
11.755116 
17.108400 
12.214099 
9.007871 
13.163491 
17.957760 
17.865409 
2001.152071 
806.934843 
18.540604 
22.661673 
20.959736 
68.220067 
24.724708 
17.778047 
14.984316 
15.946103 
22.661673 
16.119643 
42.187122 
21.196438 
17.869665 
13.270418 
29.315654 
21.105874 
15.375900 
19.068102 
11.480204 
18.801232 
15.792421 
15.920282 
21.594362 
11.085503 
10.136674 
14.258991 
14.267470 
12.728555 
15.091456 
13.588122 
11.755116 
17.108400 
12.214099 
9.007871 
13.163491 
17.957760 
17.865409 
