2001.088325 
788.655422 
21.026753 
25.608624 
20.729161 
98.258808 
23.342276 
19.644978 
33.920252 
18.477566 
25.608624 
18.367361 
56.109007 
23.787745 
23.496792 
17.140761 
34.509585 
31.686697 
15.816640 
18.024809 
10.584990 
19.706581 
14.646432 
19.539227 
10.168058 
10.959777 
11.538807 
13.587662 
22.924606 
14.662442 
17.955449 
15.001083 
22.961313 
18.238060 
17.152798 
9.625218 
11.612248 
18.530585 
24.736269 
2001.088325 
788.655422 
21.026753 
25.608624 
20.729161 
98.258808 
23.342276 
19.644978 
33.920252 
18.477566 
25.608624 
18.367361 
56.109007 
23.787745 
23.496792 
17.140761 
34.509585 
31.686697 
15.816640 
18.024809 
10.584990 
19.706581 
14.646432 
19.539227 
10.168058 
10.959777 
11.538807 
13.587662 
22.924606 
14.662442 
17.955449 
15.001083 
22.961313 
18.238060 
17.152798 
9.625218 
11.612248 
18.530585 
24.736269 
2001.088325 
788.655422 
21.026753 
25.608624 
20.729161 
98.258808 
23.342276 
19.644978 
33.920252 
18.477566 
25.608624 
18.367361 
56.109007 
23.787745 
23.496792 
17.140761 
34.509585 
31.686697 
15.816640 
18.024809 
10.584990 
19.706581 
14.646432 
19.539227 
10.168058 
10.959777 
11.538807 
13.587662 
22.924606 
14.662442 
17.955449 
15.001083 
22.961313 
18.238060 
17.152798 
9.625218 
11.612248 
18.530585 
24.736269 
2001.088325 
788.655422 
21.026753 
25.608624 
20.729161 
98.258808 
23.342276 
19.644978 
33.920252 
18.477566 
25.608624 
18.367361 
56.109007 
23.787745 
23.496792 
17.140761 
34.509585 
31.686697 
15.816640 
18.024809 
10.584990 
19.706581 
14.646432 
19.539227 
10.168058 
10.959777 
11.538807 
13.587662 
22.924606 
14.662442 
17.955449 
15.001083 
22.961313 
18.238060 
17.152798 
9.625218 
11.612248 
18.530585 
24.736269 
2001.088325 
788.655422 
21.026753 
25.608624 
20.729161 
98.258808 
23.342276 
19.644978 
33.920252 
18.477566 
25.608624 
18.367361 
56.109007 
23.787745 
23.496792 
17.140761 
34.509585 
31.686697 
15.816640 
18.024809 
10.584990 
19.706581 
14.646432 
19.539227 
10.168058 
10.959777 
11.538807 
13.587662 
22.924606 
14.662442 
17.955449 
15.001083 
22.961313 
18.238060 
17.152798 
9.625218 
11.612248 
18.530585 
24.736269 
