2016.390412 
814.026849 
16.964342 
13.079769 
19.568565 
105.142473 
21.619701 
13.588252 
24.517575 
17.641678 
13.079769 
13.299083 
32.421899 
12.003464 
14.392872 
16.516523 
25.761532 
31.941923 
19.098149 
16.608548 
19.179043 
14.477129 
15.516711 
14.724515 
13.776867 
9.192675 
9.572185 
13.616387 
14.026278 
14.010687 
14.494036 
12.459850 
11.561353 
15.171746 
10.398076 
9.043209 
13.109952 
17.883119 
12.274796 
2016.390412 
814.026849 
16.964342 
13.079769 
19.568565 
105.142473 
21.619701 
13.588252 
24.517575 
17.641678 
13.079769 
13.299083 
32.421899 
12.003464 
14.392872 
16.516523 
25.761532 
31.941923 
19.098149 
16.608548 
19.179043 
14.477129 
15.516711 
14.724515 
13.776867 
9.192675 
9.572185 
13.616387 
14.026278 
14.010687 
14.494036 
12.459850 
11.561353 
15.171746 
10.398076 
9.043209 
13.109952 
17.883119 
12.274796 
2016.390412 
814.026849 
16.964342 
13.079769 
19.568565 
105.142473 
21.619701 
13.588252 
24.517575 
17.641678 
13.079769 
13.299083 
32.421899 
12.003464 
14.392872 
16.516523 
25.761532 
31.941923 
19.098149 
16.608548 
19.179043 
14.477129 
15.516711 
14.724515 
13.776867 
9.192675 
9.572185 
13.616387 
14.026278 
14.010687 
14.494036 
12.459850 
11.561353 
15.171746 
10.398076 
9.043209 
13.109952 
17.883119 
12.274796 
2016.390412 
814.026849 
16.964342 
13.079769 
19.568565 
105.142473 
21.619701 
13.588252 
24.517575 
17.641678 
13.079769 
13.299083 
32.421899 
12.003464 
14.392872 
16.516523 
25.761532 
31.941923 
19.098149 
16.608548 
19.179043 
14.477129 
15.516711 
14.724515 
13.776867 
9.192675 
9.572185 
13.616387 
14.026278 
14.010687 
14.494036 
12.459850 
11.561353 
15.171746 
10.398076 
9.043209 
13.109952 
17.883119 
12.274796 
2016.390412 
814.026849 
16.964342 
13.079769 
19.568565 
105.142473 
21.619701 
13.588252 
24.517575 
17.641678 
13.079769 
13.299083 
32.421899 
12.003464 
14.392872 
16.516523 
25.761532 
31.941923 
19.098149 
16.608548 
19.179043 
14.477129 
15.516711 
14.724515 
13.776867 
9.192675 
9.572185 
13.616387 
14.026278 
14.010687 
14.494036 
12.459850 
11.561353 
15.171746 
10.398076 
9.043209 
13.109952 
17.883119 
12.274796 
