1995.397067 
796.677856 
19.864783 
23.776100 
18.869400 
110.144660 
33.418866 
18.313807 
27.523565 
15.569063 
23.776100 
20.778870 
44.908974 
25.485615 
25.109595 
25.038548 
28.767962 
27.586024 
22.666016 
22.641931 
16.521836 
12.847122 
8.649949 
8.746893 
14.700004 
11.992445 
11.228545 
13.878143 
17.701306 
12.124011 
15.469859 
12.238835 
15.653941 
16.384643 
15.021168 
9.890263 
14.556818 
12.643578 
17.872026 
1995.397067 
796.677856 
19.864783 
23.776100 
18.869400 
110.144660 
33.418866 
18.313807 
27.523565 
15.569063 
23.776100 
20.778870 
44.908974 
25.485615 
25.109595 
25.038548 
28.767962 
27.586024 
22.666016 
22.641931 
16.521836 
12.847122 
8.649949 
8.746893 
14.700004 
11.992445 
11.228545 
13.878143 
17.701306 
12.124011 
15.469859 
12.238835 
15.653941 
16.384643 
15.021168 
9.890263 
14.556818 
12.643578 
17.872026 
1995.397067 
796.677856 
19.864783 
23.776100 
18.869400 
110.144660 
33.418866 
18.313807 
27.523565 
15.569063 
23.776100 
20.778870 
44.908974 
25.485615 
25.109595 
25.038548 
28.767962 
27.586024 
22.666016 
22.641931 
16.521836 
12.847122 
8.649949 
8.746893 
14.700004 
11.992445 
11.228545 
13.878143 
17.701306 
12.124011 
15.469859 
12.238835 
15.653941 
16.384643 
15.021168 
9.890263 
14.556818 
12.643578 
17.872026 
1995.397067 
796.677856 
19.864783 
23.776100 
18.869400 
110.144660 
33.418866 
18.313807 
27.523565 
15.569063 
23.776100 
20.778870 
44.908974 
25.485615 
25.109595 
25.038548 
28.767962 
27.586024 
22.666016 
22.641931 
16.521836 
12.847122 
8.649949 
8.746893 
14.700004 
11.992445 
11.228545 
13.878143 
17.701306 
12.124011 
15.469859 
12.238835 
15.653941 
16.384643 
15.021168 
9.890263 
14.556818 
12.643578 
17.872026 
1995.397067 
796.677856 
19.864783 
23.776100 
18.869400 
110.144660 
33.418866 
18.313807 
27.523565 
15.569063 
23.776100 
20.778870 
44.908974 
25.485615 
25.109595 
25.038548 
28.767962 
27.586024 
22.666016 
22.641931 
16.521836 
12.847122 
8.649949 
8.746893 
14.700004 
11.992445 
11.228545 
13.878143 
17.701306 
12.124011 
15.469859 
12.238835 
15.653941 
16.384643 
15.021168 
9.890263 
14.556818 
12.643578 
17.872026 
