1992.676577 
788.307267 
19.254180 
14.735543 
21.883470 
102.778646 
21.298276 
19.234593 
23.133113 
21.629281 
14.735543 
21.215448 
35.779197 
20.267183 
18.374085 
17.958513 
32.745637 
28.407753 
12.554772 
22.441072 
11.495109 
19.565754 
20.798760 
16.012817 
13.604130 
11.271801 
13.088634 
13.982134 
15.412282 
19.422947 
17.648424 
15.365567 
12.125501 
16.451001 
11.490550 
9.551208 
10.280412 
19.156934 
25.476790 
1992.676577 
788.307267 
19.254180 
14.735543 
21.883470 
102.778646 
21.298276 
19.234593 
23.133113 
21.629281 
14.735543 
21.215448 
35.779197 
20.267183 
18.374085 
17.958513 
32.745637 
28.407753 
12.554772 
22.441072 
11.495109 
19.565754 
20.798760 
16.012817 
13.604130 
11.271801 
13.088634 
13.982134 
15.412282 
19.422947 
17.648424 
15.365567 
12.125501 
16.451001 
11.490550 
9.551208 
10.280412 
19.156934 
25.476790 
1992.676577 
788.307267 
19.254180 
14.735543 
21.883470 
102.778646 
21.298276 
19.234593 
23.133113 
21.629281 
14.735543 
21.215448 
35.779197 
20.267183 
18.374085 
17.958513 
32.745637 
28.407753 
12.554772 
22.441072 
11.495109 
19.565754 
20.798760 
16.012817 
13.604130 
11.271801 
13.088634 
13.982134 
15.412282 
19.422947 
17.648424 
15.365567 
12.125501 
16.451001 
11.490550 
9.551208 
10.280412 
19.156934 
25.476790 
1992.676577 
788.307267 
19.254180 
14.735543 
21.883470 
102.778646 
21.298276 
19.234593 
23.133113 
21.629281 
14.735543 
21.215448 
35.779197 
20.267183 
18.374085 
17.958513 
32.745637 
28.407753 
12.554772 
22.441072 
11.495109 
19.565754 
20.798760 
16.012817 
13.604130 
11.271801 
13.088634 
13.982134 
15.412282 
19.422947 
17.648424 
15.365567 
12.125501 
16.451001 
11.490550 
9.551208 
10.280412 
19.156934 
25.476790 
1992.676577 
788.307267 
19.254180 
14.735543 
21.883470 
102.778646 
21.298276 
19.234593 
23.133113 
21.629281 
14.735543 
21.215448 
35.779197 
20.267183 
18.374085 
17.958513 
32.745637 
28.407753 
12.554772 
22.441072 
11.495109 
19.565754 
20.798760 
16.012817 
13.604130 
11.271801 
13.088634 
13.982134 
15.412282 
19.422947 
17.648424 
15.365567 
12.125501 
16.451001 
11.490550 
9.551208 
10.280412 
19.156934 
25.476790 
