2003.123074 
795.270909 
18.008603 
21.893009 
20.542388 
99.398886 
25.155166 
19.317376 
19.869862 
20.941489 
21.893009 
19.986284 
33.397345 
19.831985 
22.132617 
16.962384 
31.025350 
29.778723 
26.147235 
22.845007 
10.946253 
15.028718 
13.645879 
11.491691 
12.704049 
12.327226 
11.485348 
14.003757 
10.794619 
14.912827 
16.009435 
13.047062 
9.591934 
15.321098 
16.670589 
15.669598 
14.507965 
15.588275 
12.791779 
2003.123074 
795.270909 
18.008603 
21.893009 
20.542388 
99.398886 
25.155166 
19.317376 
19.869862 
20.941489 
21.893009 
19.986284 
33.397345 
19.831985 
22.132617 
16.962384 
31.025350 
29.778723 
26.147235 
22.845007 
10.946253 
15.028718 
13.645879 
11.491691 
12.704049 
12.327226 
11.485348 
14.003757 
10.794619 
14.912827 
16.009435 
13.047062 
9.591934 
15.321098 
16.670589 
15.669598 
14.507965 
15.588275 
12.791779 
2003.123074 
795.270909 
18.008603 
21.893009 
20.542388 
99.398886 
25.155166 
19.317376 
19.869862 
20.941489 
21.893009 
19.986284 
33.397345 
19.831985 
22.132617 
16.962384 
31.025350 
29.778723 
26.147235 
22.845007 
10.946253 
15.028718 
13.645879 
11.491691 
12.704049 
12.327226 
11.485348 
14.003757 
10.794619 
14.912827 
16.009435 
13.047062 
9.591934 
15.321098 
16.670589 
15.669598 
14.507965 
15.588275 
12.791779 
2003.123074 
795.270909 
18.008603 
21.893009 
20.542388 
99.398886 
25.155166 
19.317376 
19.869862 
20.941489 
21.893009 
19.986284 
33.397345 
19.831985 
22.132617 
16.962384 
31.025350 
29.778723 
26.147235 
22.845007 
10.946253 
15.028718 
13.645879 
11.491691 
12.704049 
12.327226 
11.485348 
14.003757 
10.794619 
14.912827 
16.009435 
13.047062 
9.591934 
15.321098 
16.670589 
15.669598 
14.507965 
15.588275 
12.791779 
2003.123074 
795.270909 
18.008603 
21.893009 
20.542388 
99.398886 
25.155166 
19.317376 
19.869862 
20.941489 
21.893009 
19.986284 
33.397345 
19.831985 
22.132617 
16.962384 
31.025350 
29.778723 
26.147235 
22.845007 
10.946253 
15.028718 
13.645879 
11.491691 
12.704049 
12.327226 
11.485348 
14.003757 
10.794619 
14.912827 
16.009435 
13.047062 
9.591934 
15.321098 
16.670589 
15.669598 
14.507965 
15.588275 
12.791779 
