2084.103938 
821.219602 
18.931891 
18.252085 
18.352573 
125.314610 
36.696237 
25.175171 
39.649107 
15.169521 
18.252085 
16.859193 
36.797551 
21.931218 
20.079597 
18.249729 
30.129664 
29.894245 
21.117988 
15.017163 
17.826360 
13.754297 
14.618142 
21.680759 
10.078110 
7.383857 
11.978461 
13.090472 
13.546135 
16.947291 
18.385672 
15.465263 
12.754444 
15.671150 
24.231004 
13.560389 
12.424627 
18.698650 
18.610383 
2084.103938 
821.219602 
18.931891 
18.252085 
18.352573 
125.314610 
36.696237 
25.175171 
39.649107 
15.169521 
18.252085 
16.859193 
36.797551 
21.931218 
20.079597 
18.249729 
30.129664 
29.894245 
21.117988 
15.017163 
17.826360 
13.754297 
14.618142 
21.680759 
10.078110 
7.383857 
11.978461 
13.090472 
13.546135 
16.947291 
18.385672 
15.465263 
12.754444 
15.671150 
24.231004 
13.560389 
12.424627 
18.698650 
18.610383 
2084.103938 
821.219602 
18.931891 
18.252085 
18.352573 
125.314610 
36.696237 
25.175171 
39.649107 
15.169521 
18.252085 
16.859193 
36.797551 
21.931218 
20.079597 
18.249729 
30.129664 
29.894245 
21.117988 
15.017163 
17.826360 
13.754297 
14.618142 
21.680759 
10.078110 
7.383857 
11.978461 
13.090472 
13.546135 
16.947291 
18.385672 
15.465263 
12.754444 
15.671150 
24.231004 
13.560389 
12.424627 
18.698650 
18.610383 
2084.103938 
821.219602 
18.931891 
18.252085 
18.352573 
125.314610 
36.696237 
25.175171 
39.649107 
15.169521 
18.252085 
16.859193 
36.797551 
21.931218 
20.079597 
18.249729 
30.129664 
29.894245 
21.117988 
15.017163 
17.826360 
13.754297 
14.618142 
21.680759 
10.078110 
7.383857 
11.978461 
13.090472 
13.546135 
16.947291 
18.385672 
15.465263 
12.754444 
15.671150 
24.231004 
13.560389 
12.424627 
18.698650 
18.610383 
2084.103938 
821.219602 
18.931891 
18.252085 
18.352573 
125.314610 
36.696237 
25.175171 
39.649107 
15.169521 
18.252085 
16.859193 
36.797551 
21.931218 
20.079597 
18.249729 
30.129664 
29.894245 
21.117988 
15.017163 
17.826360 
13.754297 
14.618142 
21.680759 
10.078110 
7.383857 
11.978461 
13.090472 
13.546135 
16.947291 
18.385672 
15.465263 
12.754444 
15.671150 
24.231004 
13.560389 
12.424627 
18.698650 
18.610383 
