1992.826246 
804.553694 
17.002966 
21.860027 
20.452462 
113.938520 
26.074841 
21.818058 
26.684047 
16.337759 
21.860027 
17.046348 
40.758125 
21.649061 
21.010624 
22.120212 
21.502348 
25.892031 
29.756360 
19.697038 
13.972811 
8.841083 
9.139383 
13.043217 
13.246118 
9.035039 
9.830541 
12.793927 
13.206443 
12.137701 
17.137356 
13.009009 
12.546288 
17.524701 
11.191284 
12.972741 
12.225114 
12.764087 
18.943548 
1992.826246 
804.553694 
17.002966 
21.860027 
20.452462 
113.938520 
26.074841 
21.818058 
26.684047 
16.337759 
21.860027 
17.046348 
40.758125 
21.649061 
21.010624 
22.120212 
21.502348 
25.892031 
29.756360 
19.697038 
13.972811 
8.841083 
9.139383 
13.043217 
13.246118 
9.035039 
9.830541 
12.793927 
13.206443 
12.137701 
17.137356 
13.009009 
12.546288 
17.524701 
11.191284 
12.972741 
12.225114 
12.764087 
18.943548 
1992.826246 
804.553694 
17.002966 
21.860027 
20.452462 
113.938520 
26.074841 
21.818058 
26.684047 
16.337759 
21.860027 
17.046348 
40.758125 
21.649061 
21.010624 
22.120212 
21.502348 
25.892031 
29.756360 
19.697038 
13.972811 
8.841083 
9.139383 
13.043217 
13.246118 
9.035039 
9.830541 
12.793927 
13.206443 
12.137701 
17.137356 
13.009009 
12.546288 
17.524701 
11.191284 
12.972741 
12.225114 
12.764087 
18.943548 
1992.826246 
804.553694 
17.002966 
21.860027 
20.452462 
113.938520 
26.074841 
21.818058 
26.684047 
16.337759 
21.860027 
17.046348 
40.758125 
21.649061 
21.010624 
22.120212 
21.502348 
25.892031 
29.756360 
19.697038 
13.972811 
8.841083 
9.139383 
13.043217 
13.246118 
9.035039 
9.830541 
12.793927 
13.206443 
12.137701 
17.137356 
13.009009 
12.546288 
17.524701 
11.191284 
12.972741 
12.225114 
12.764087 
18.943548 
1992.826246 
804.553694 
17.002966 
21.860027 
20.452462 
113.938520 
26.074841 
21.818058 
26.684047 
16.337759 
21.860027 
17.046348 
40.758125 
21.649061 
21.010624 
22.120212 
21.502348 
25.892031 
29.756360 
19.697038 
13.972811 
8.841083 
9.139383 
13.043217 
13.246118 
9.035039 
9.830541 
12.793927 
13.206443 
12.137701 
17.137356 
13.009009 
12.546288 
17.524701 
11.191284 
12.972741 
12.225114 
12.764087 
18.943548 
