1994.069055 
802.972326 
17.699281 
22.377535 
20.061576 
83.878661 
21.013802 
12.089651 
32.014058 
17.954963 
22.377535 
15.047346 
48.042264 
24.318406 
26.460551 
13.867608 
30.803780 
32.128072 
19.230914 
17.059080 
15.642148 
14.116145 
17.619378 
16.608788 
15.865076 
16.624992 
12.757820 
15.612821 
16.485931 
13.677921 
15.285770 
13.460069 
10.240361 
16.282098 
16.112744 
7.603197 
13.029031 
18.773107 
23.934733 
1994.069055 
802.972326 
17.699281 
22.377535 
20.061576 
83.878661 
21.013802 
12.089651 
32.014058 
17.954963 
22.377535 
15.047346 
48.042264 
24.318406 
26.460551 
13.867608 
30.803780 
32.128072 
19.230914 
17.059080 
15.642148 
14.116145 
17.619378 
16.608788 
15.865076 
16.624992 
12.757820 
15.612821 
16.485931 
13.677921 
15.285770 
13.460069 
10.240361 
16.282098 
16.112744 
7.603197 
13.029031 
18.773107 
23.934733 
1994.069055 
802.972326 
17.699281 
22.377535 
20.061576 
83.878661 
21.013802 
12.089651 
32.014058 
17.954963 
22.377535 
15.047346 
48.042264 
24.318406 
26.460551 
13.867608 
30.803780 
32.128072 
19.230914 
17.059080 
15.642148 
14.116145 
17.619378 
16.608788 
15.865076 
16.624992 
12.757820 
15.612821 
16.485931 
13.677921 
15.285770 
13.460069 
10.240361 
16.282098 
16.112744 
7.603197 
13.029031 
18.773107 
23.934733 
1994.069055 
802.972326 
17.699281 
22.377535 
20.061576 
83.878661 
21.013802 
12.089651 
32.014058 
17.954963 
22.377535 
15.047346 
48.042264 
24.318406 
26.460551 
13.867608 
30.803780 
32.128072 
19.230914 
17.059080 
15.642148 
14.116145 
17.619378 
16.608788 
15.865076 
16.624992 
12.757820 
15.612821 
16.485931 
13.677921 
15.285770 
13.460069 
10.240361 
16.282098 
16.112744 
7.603197 
13.029031 
18.773107 
23.934733 
1994.069055 
802.972326 
17.699281 
22.377535 
20.061576 
83.878661 
21.013802 
12.089651 
32.014058 
17.954963 
22.377535 
15.047346 
48.042264 
24.318406 
26.460551 
13.867608 
30.803780 
32.128072 
19.230914 
17.059080 
15.642148 
14.116145 
17.619378 
16.608788 
15.865076 
16.624992 
12.757820 
15.612821 
16.485931 
13.677921 
15.285770 
13.460069 
10.240361 
16.282098 
16.112744 
7.603197 
13.029031 
18.773107 
23.934733 
