2029.969792 
817.379183 
16.929831 
14.669271 
20.370944 
85.771889 
31.400262 
21.981270 
25.417280 
14.407463 
14.669271 
15.349475 
36.686578 
13.081289 
18.354811 
15.611660 
26.286983 
29.877820 
18.992971 
17.721967 
10.387191 
18.906435 
10.954060 
15.463605 
12.037433 
16.807955 
10.909011 
11.012958 
13.490662 
10.116831 
14.304567 
11.475271 
10.984589 
15.061732 
10.878658 
13.789054 
13.156692 
13.254858 
19.326658 
2029.969792 
817.379183 
16.929831 
14.669271 
20.370944 
85.771889 
31.400262 
21.981270 
25.417280 
14.407463 
14.669271 
15.349475 
36.686578 
13.081289 
18.354811 
15.611660 
26.286983 
29.877820 
18.992971 
17.721967 
10.387191 
18.906435 
10.954060 
15.463605 
12.037433 
16.807955 
10.909011 
11.012958 
13.490662 
10.116831 
14.304567 
11.475271 
10.984589 
15.061732 
10.878658 
13.789054 
13.156692 
13.254858 
19.326658 
2029.969792 
817.379183 
16.929831 
14.669271 
20.370944 
85.771889 
31.400262 
21.981270 
25.417280 
14.407463 
14.669271 
15.349475 
36.686578 
13.081289 
18.354811 
15.611660 
26.286983 
29.877820 
18.992971 
17.721967 
10.387191 
18.906435 
10.954060 
15.463605 
12.037433 
16.807955 
10.909011 
11.012958 
13.490662 
10.116831 
14.304567 
11.475271 
10.984589 
15.061732 
10.878658 
13.789054 
13.156692 
13.254858 
19.326658 
2029.969792 
817.379183 
16.929831 
14.669271 
20.370944 
85.771889 
31.400262 
21.981270 
25.417280 
14.407463 
14.669271 
15.349475 
36.686578 
13.081289 
18.354811 
15.611660 
26.286983 
29.877820 
18.992971 
17.721967 
10.387191 
18.906435 
10.954060 
15.463605 
12.037433 
16.807955 
10.909011 
11.012958 
13.490662 
10.116831 
14.304567 
11.475271 
10.984589 
15.061732 
10.878658 
13.789054 
13.156692 
13.254858 
19.326658 
2029.969792 
817.379183 
16.929831 
14.669271 
20.370944 
85.771889 
31.400262 
21.981270 
25.417280 
14.407463 
14.669271 
15.349475 
36.686578 
13.081289 
18.354811 
15.611660 
26.286983 
29.877820 
18.992971 
17.721967 
10.387191 
18.906435 
10.954060 
15.463605 
12.037433 
16.807955 
10.909011 
11.012958 
13.490662 
10.116831 
14.304567 
11.475271 
10.984589 
15.061732 
10.878658 
13.789054 
13.156692 
13.254858 
19.326658 
