2023.153265 
814.076742 
17.900862 
19.311172 
20.302129 
92.111675 
25.178710 
21.927211 
23.282783 
17.974879 
19.311172 
11.961992 
31.217409 
17.486567 
19.038669 
16.822380 
27.794925 
20.907935 
20.698110 
25.207885 
12.911251 
19.484010 
11.323509 
12.718849 
13.243667 
8.052207 
11.987510 
12.383932 
13.329597 
12.077307 
15.120987 
11.427071 
11.906172 
17.140467 
12.503645 
10.751136 
14.773347 
8.936276 
17.126847 
2023.153265 
814.076742 
17.900862 
19.311172 
20.302129 
92.111675 
25.178710 
21.927211 
23.282783 
17.974879 
19.311172 
11.961992 
31.217409 
17.486567 
19.038669 
16.822380 
27.794925 
20.907935 
20.698110 
25.207885 
12.911251 
19.484010 
11.323509 
12.718849 
13.243667 
8.052207 
11.987510 
12.383932 
13.329597 
12.077307 
15.120987 
11.427071 
11.906172 
17.140467 
12.503645 
10.751136 
14.773347 
8.936276 
17.126847 
2023.153265 
814.076742 
17.900862 
19.311172 
20.302129 
92.111675 
25.178710 
21.927211 
23.282783 
17.974879 
19.311172 
11.961992 
31.217409 
17.486567 
19.038669 
16.822380 
27.794925 
20.907935 
20.698110 
25.207885 
12.911251 
19.484010 
11.323509 
12.718849 
13.243667 
8.052207 
11.987510 
12.383932 
13.329597 
12.077307 
15.120987 
11.427071 
11.906172 
17.140467 
12.503645 
10.751136 
14.773347 
8.936276 
17.126847 
2023.153265 
814.076742 
17.900862 
19.311172 
20.302129 
92.111675 
25.178710 
21.927211 
23.282783 
17.974879 
19.311172 
11.961992 
31.217409 
17.486567 
19.038669 
16.822380 
27.794925 
20.907935 
20.698110 
25.207885 
12.911251 
19.484010 
11.323509 
12.718849 
13.243667 
8.052207 
11.987510 
12.383932 
13.329597 
12.077307 
15.120987 
11.427071 
11.906172 
17.140467 
12.503645 
10.751136 
14.773347 
8.936276 
17.126847 
2023.153265 
814.076742 
17.900862 
19.311172 
20.302129 
92.111675 
25.178710 
21.927211 
23.282783 
17.974879 
19.311172 
11.961992 
31.217409 
17.486567 
19.038669 
16.822380 
27.794925 
20.907935 
20.698110 
25.207885 
12.911251 
19.484010 
11.323509 
12.718849 
13.243667 
8.052207 
11.987510 
12.383932 
13.329597 
12.077307 
15.120987 
11.427071 
11.906172 
17.140467 
12.503645 
10.751136 
14.773347 
8.936276 
17.126847 
