2013.839325 
812.284113 
16.822154 
15.645507 
19.656794 
89.093112 
14.732484 
20.612449 
24.385410 
10.612273 
15.645507 
18.369340 
53.827123 
15.202373 
18.717333 
14.613932 
26.536779 
26.780247 
17.870269 
17.104115 
10.884527 
15.195546 
12.243422 
19.981076 
16.276536 
9.304973 
9.845742 
11.867510 
17.774887 
9.729227 
12.622241 
11.443631 
10.701200 
15.368580 
9.328844 
12.814010 
14.938379 
16.005450 
16.704304 
2013.839325 
812.284113 
16.822154 
15.645507 
19.656794 
89.093112 
14.732484 
20.612449 
24.385410 
10.612273 
15.645507 
18.369340 
53.827123 
15.202373 
18.717333 
14.613932 
26.536779 
26.780247 
17.870269 
17.104115 
10.884527 
15.195546 
12.243422 
19.981076 
16.276536 
9.304973 
9.845742 
11.867510 
17.774887 
9.729227 
12.622241 
11.443631 
10.701200 
15.368580 
9.328844 
12.814010 
14.938379 
16.005450 
16.704304 
2013.839325 
812.284113 
16.822154 
15.645507 
19.656794 
89.093112 
14.732484 
20.612449 
24.385410 
10.612273 
15.645507 
18.369340 
53.827123 
15.202373 
18.717333 
14.613932 
26.536779 
26.780247 
17.870269 
17.104115 
10.884527 
15.195546 
12.243422 
19.981076 
16.276536 
9.304973 
9.845742 
11.867510 
17.774887 
9.729227 
12.622241 
11.443631 
10.701200 
15.368580 
9.328844 
12.814010 
14.938379 
16.005450 
16.704304 
2013.839325 
812.284113 
16.822154 
15.645507 
19.656794 
89.093112 
14.732484 
20.612449 
24.385410 
10.612273 
15.645507 
18.369340 
53.827123 
15.202373 
18.717333 
14.613932 
26.536779 
26.780247 
17.870269 
17.104115 
10.884527 
15.195546 
12.243422 
19.981076 
16.276536 
9.304973 
9.845742 
11.867510 
17.774887 
9.729227 
12.622241 
11.443631 
10.701200 
15.368580 
9.328844 
12.814010 
14.938379 
16.005450 
16.704304 
2013.839325 
812.284113 
16.822154 
15.645507 
19.656794 
89.093112 
14.732484 
20.612449 
24.385410 
10.612273 
15.645507 
18.369340 
53.827123 
15.202373 
18.717333 
14.613932 
26.536779 
26.780247 
17.870269 
17.104115 
10.884527 
15.195546 
12.243422 
19.981076 
16.276536 
9.304973 
9.845742 
11.867510 
17.774887 
9.729227 
12.622241 
11.443631 
10.701200 
15.368580 
9.328844 
12.814010 
14.938379 
16.005450 
16.704304 
