2022.675088 
804.341003 
19.168058 
23.620647 
21.770917 
103.685641 
20.677511 
19.754060 
19.794223 
19.015939 
23.620647 
15.374905 
76.005592 
16.792921 
23.021125 
15.845389 
33.472523 
38.222831 
24.830168 
25.811212 
8.901253 
14.072739 
10.624217 
20.002237 
19.604677 
14.024202 
13.059220 
14.578560 
18.137047 
14.098510 
15.489942 
13.121547 
11.510378 
15.120685 
11.106555 
16.646265 
15.229685 
21.957856 
16.463517 
2022.675088 
804.341003 
19.168058 
23.620647 
21.770917 
103.685641 
20.677511 
19.754060 
19.794223 
19.015939 
23.620647 
15.374905 
76.005592 
16.792921 
23.021125 
15.845389 
33.472523 
38.222831 
24.830168 
25.811212 
8.901253 
14.072739 
10.624217 
20.002237 
19.604677 
14.024202 
13.059220 
14.578560 
18.137047 
14.098510 
15.489942 
13.121547 
11.510378 
15.120685 
11.106555 
16.646265 
15.229685 
21.957856 
16.463517 
2022.675088 
804.341003 
19.168058 
23.620647 
21.770917 
103.685641 
20.677511 
19.754060 
19.794223 
19.015939 
23.620647 
15.374905 
76.005592 
16.792921 
23.021125 
15.845389 
33.472523 
38.222831 
24.830168 
25.811212 
8.901253 
14.072739 
10.624217 
20.002237 
19.604677 
14.024202 
13.059220 
14.578560 
18.137047 
14.098510 
15.489942 
13.121547 
11.510378 
15.120685 
11.106555 
16.646265 
15.229685 
21.957856 
16.463517 
2022.675088 
804.341003 
19.168058 
23.620647 
21.770917 
103.685641 
20.677511 
19.754060 
19.794223 
19.015939 
23.620647 
15.374905 
76.005592 
16.792921 
23.021125 
15.845389 
33.472523 
38.222831 
24.830168 
25.811212 
8.901253 
14.072739 
10.624217 
20.002237 
19.604677 
14.024202 
13.059220 
14.578560 
18.137047 
14.098510 
15.489942 
13.121547 
11.510378 
15.120685 
11.106555 
16.646265 
15.229685 
21.957856 
16.463517 
2022.675088 
804.341003 
19.168058 
23.620647 
21.770917 
103.685641 
20.677511 
19.754060 
19.794223 
19.015939 
23.620647 
15.374905 
76.005592 
16.792921 
23.021125 
15.845389 
33.472523 
38.222831 
24.830168 
25.811212 
8.901253 
14.072739 
10.624217 
20.002237 
19.604677 
14.024202 
13.059220 
14.578560 
18.137047 
14.098510 
15.489942 
13.121547 
11.510378 
15.120685 
11.106555 
16.646265 
15.229685 
21.957856 
16.463517 
