2001.152071 
806.934843 
18.540604 
22.661673 
20.959736 
68.220067 
24.724708 
17.778047 
14.984316 
15.946103 
22.661673 
16.119643 
42.187122 
21.196438 
17.869665 
13.270418 
29.315654 
21.105874 
15.375900 
19.068102 
11.480204 
18.801232 
15.792421 
15.920282 
21.594362 
11.085503 
10.136674 
14.258991 
14.267470 
12.728555 
15.091456 
13.588122 
11.755116 
17.108400 
12.214099 
9.007871 
13.163491 
17.957760 
17.865409 
1981.631727 
791.042949 
17.600962 
16.231284 
20.797948 
91.151095 
28.696960 
19.986478 
29.241699 
20.070943 
16.231284 
15.073988 
42.773624 
21.922415 
19.657274 
16.351760 
34.275872 
19.696550 
22.401396 
15.242602 
11.649830 
15.950436 
12.819165 
20.736713 
14.793466 
15.180366 
14.816428 
18.656662 
18.206624 
16.481196 
16.181015 
14.389277 
12.445144 
15.050894 
16.108985 
11.112666 
13.212356 
11.009765 
25.291803 
1981.631727 
791.042949 
17.600962 
16.231284 
20.797948 
91.151095 
28.696960 
19.986478 
29.241699 
20.070943 
16.231284 
15.073988 
42.773624 
21.922415 
19.657274 
16.351760 
34.275872 
19.696550 
22.401396 
15.242602 
11.649830 
15.950436 
12.819165 
20.736713 
14.793466 
15.180366 
14.816428 
18.656662 
18.206624 
16.481196 
16.181015 
14.389277 
12.445144 
15.050894 
16.108985 
11.112666 
13.212356 
11.009765 
25.291803 
1981.631727 
791.042949 
17.600962 
16.231284 
20.797948 
91.151095 
28.696960 
19.986478 
29.241699 
20.070943 
16.231284 
15.073988 
42.773624 
21.922415 
19.657274 
16.351760 
34.275872 
19.696550 
22.401396 
15.242602 
11.649830 
15.950436 
12.819165 
20.736713 
14.793466 
15.180366 
14.816428 
18.656662 
18.206624 
16.481196 
16.181015 
14.389277 
12.445144 
15.050894 
16.108985 
11.112666 
13.212356 
11.009765 
25.291803 
1981.631727 
791.042949 
17.600962 
16.231284 
20.797948 
91.151095 
28.696960 
19.986478 
29.241699 
20.070943 
16.231284 
15.073988 
42.773624 
21.922415 
19.657274 
16.351760 
34.275872 
19.696550 
22.401396 
15.242602 
11.649830 
15.950436 
12.819165 
20.736713 
14.793466 
15.180366 
14.816428 
18.656662 
18.206624 
16.481196 
16.181015 
14.389277 
12.445144 
15.050894 
16.108985 
11.112666 
13.212356 
11.009765 
25.291803 
