2027.248306 
814.328712 
17.429666 
11.596615 
19.933394 
74.532313 
18.783102 
23.544431 
25.581259 
13.267285 
11.596615 
21.661088 
56.793044 
23.318320 
19.764668 
19.482260 
27.027430 
36.651400 
24.381777 
13.357538 
12.104292 
14.133629 
8.753392 
16.251741 
12.948275 
9.940487 
11.804500 
12.828450 
10.052353 
11.253495 
15.522499 
12.346913 
11.234236 
17.974077 
15.098407 
14.634527 
14.568465 
15.099052 
24.207122 
2027.248306 
814.328712 
17.429666 
11.596615 
19.933394 
74.532313 
18.783102 
23.544431 
25.581259 
13.267285 
11.596615 
21.661088 
56.793044 
23.318320 
19.764668 
19.482260 
27.027430 
36.651400 
24.381777 
13.357538 
12.104292 
14.133629 
8.753392 
16.251741 
12.948275 
9.940487 
11.804500 
12.828450 
10.052353 
11.253495 
15.522499 
12.346913 
11.234236 
17.974077 
15.098407 
14.634527 
14.568465 
15.099052 
24.207122 
2027.248306 
814.328712 
17.429666 
11.596615 
19.933394 
74.532313 
18.783102 
23.544431 
25.581259 
13.267285 
11.596615 
21.661088 
56.793044 
23.318320 
19.764668 
19.482260 
27.027430 
36.651400 
24.381777 
13.357538 
12.104292 
14.133629 
8.753392 
16.251741 
12.948275 
9.940487 
11.804500 
12.828450 
10.052353 
11.253495 
15.522499 
12.346913 
11.234236 
17.974077 
15.098407 
14.634527 
14.568465 
15.099052 
24.207122 
2027.248306 
814.328712 
17.429666 
11.596615 
19.933394 
74.532313 
18.783102 
23.544431 
25.581259 
13.267285 
11.596615 
21.661088 
56.793044 
23.318320 
19.764668 
19.482260 
27.027430 
36.651400 
24.381777 
13.357538 
12.104292 
14.133629 
8.753392 
16.251741 
12.948275 
9.940487 
11.804500 
12.828450 
10.052353 
11.253495 
15.522499 
12.346913 
11.234236 
17.974077 
15.098407 
14.634527 
14.568465 
15.099052 
24.207122 
2027.248306 
814.328712 
17.429666 
11.596615 
19.933394 
74.532313 
18.783102 
23.544431 
25.581259 
13.267285 
11.596615 
21.661088 
56.793044 
23.318320 
19.764668 
19.482260 
27.027430 
36.651400 
24.381777 
13.357538 
12.104292 
14.133629 
8.753392 
16.251741 
12.948275 
9.940487 
11.804500 
12.828450 
10.052353 
11.253495 
15.522499 
12.346913 
11.234236 
17.974077 
15.098407 
14.634527 
14.568465 
15.099052 
24.207122 
