2019.075591 
814.280798 
13.978444 
16.729115 
19.851784 
119.329620 
23.375573 
13.184087 
23.865672 
11.456672 
16.729115 
15.581093 
28.911196 
12.161007 
17.632297 
11.386879 
14.752205 
17.518667 
15.999067 
11.861789 
11.014048 
14.021243 
16.867207 
12.342377 
13.835203 
12.863813 
18.642554 
24.679154 
17.722842 
25.448990 
25.246699 
16.687633 
22.152627 
12.437400 
19.286436 
9.394356 
12.457831 
16.565700 
19.716299 
2019.075591 
814.280798 
13.978444 
16.729115 
19.851784 
119.329620 
23.375573 
13.184087 
23.865672 
11.456672 
16.729115 
15.581093 
28.911196 
12.161007 
17.632297 
11.386879 
14.752205 
17.518667 
15.999067 
11.861789 
11.014048 
14.021243 
16.867207 
12.342377 
13.835203 
12.863813 
18.642554 
24.679154 
17.722842 
25.448990 
25.246699 
16.687633 
22.152627 
12.437400 
19.286436 
9.394356 
12.457831 
16.565700 
19.716299 
2019.075591 
814.280798 
13.978444 
16.729115 
19.851784 
119.329620 
23.375573 
13.184087 
23.865672 
11.456672 
16.729115 
15.581093 
28.911196 
12.161007 
17.632297 
11.386879 
14.752205 
17.518667 
15.999067 
11.861789 
11.014048 
14.021243 
16.867207 
12.342377 
13.835203 
12.863813 
18.642554 
24.679154 
17.722842 
25.448990 
25.246699 
16.687633 
22.152627 
12.437400 
19.286436 
9.394356 
12.457831 
16.565700 
19.716299 
2019.075591 
814.280798 
13.978444 
16.729115 
19.851784 
119.329620 
23.375573 
13.184087 
23.865672 
11.456672 
16.729115 
15.581093 
28.911196 
12.161007 
17.632297 
11.386879 
14.752205 
17.518667 
15.999067 
11.861789 
11.014048 
14.021243 
16.867207 
12.342377 
13.835203 
12.863813 
18.642554 
24.679154 
17.722842 
25.448990 
25.246699 
16.687633 
22.152627 
12.437400 
19.286436 
9.394356 
12.457831 
16.565700 
19.716299 
2019.075591 
814.280798 
13.978444 
16.729115 
19.851784 
119.329620 
23.375573 
13.184087 
23.865672 
11.456672 
16.729115 
15.581093 
28.911196 
12.161007 
17.632297 
11.386879 
14.752205 
17.518667 
15.999067 
11.861789 
11.014048 
14.021243 
16.867207 
12.342377 
13.835203 
12.863813 
18.642554 
24.679154 
17.722842 
25.448990 
25.246699 
16.687633 
22.152627 
12.437400 
19.286436 
9.394356 
12.457831 
16.565700 
19.716299 
