2047.812443 
833.695652 
15.261987 
17.841926 
16.942622 
75.622645 
37.171813 
17.351772 
21.637791 
16.015078 
17.841926 
15.627770 
44.091882 
22.304858 
20.765262 
12.655710 
21.731205 
25.984744 
11.715845 
18.628332 
15.598084 
15.685188 
15.280495 
17.420569 
10.230296 
10.145616 
18.030137 
14.865167 
37.242836 
25.984333 
24.016406 
24.846868 
28.642059 
13.336906 
23.020468 
8.827914 
14.270534 
27.683971 
24.353205 
2047.812443 
833.695652 
15.261987 
17.841926 
16.942622 
75.622645 
37.171813 
17.351772 
21.637791 
16.015078 
17.841926 
15.627770 
44.091882 
22.304858 
20.765262 
12.655710 
21.731205 
25.984744 
11.715845 
18.628332 
15.598084 
15.685188 
15.280495 
17.420569 
10.230296 
10.145616 
18.030137 
14.865167 
37.242836 
25.984333 
24.016406 
24.846868 
28.642059 
13.336906 
23.020468 
8.827914 
14.270534 
27.683971 
24.353205 
2047.812443 
833.695652 
15.261987 
17.841926 
16.942622 
75.622645 
37.171813 
17.351772 
21.637791 
16.015078 
17.841926 
15.627770 
44.091882 
22.304858 
20.765262 
12.655710 
21.731205 
25.984744 
11.715845 
18.628332 
15.598084 
15.685188 
15.280495 
17.420569 
10.230296 
10.145616 
18.030137 
14.865167 
37.242836 
25.984333 
24.016406 
24.846868 
28.642059 
13.336906 
23.020468 
8.827914 
14.270534 
27.683971 
24.353205 
2047.812443 
833.695652 
15.261987 
17.841926 
16.942622 
75.622645 
37.171813 
17.351772 
21.637791 
16.015078 
17.841926 
15.627770 
44.091882 
22.304858 
20.765262 
12.655710 
21.731205 
25.984744 
11.715845 
18.628332 
15.598084 
15.685188 
15.280495 
17.420569 
10.230296 
10.145616 
18.030137 
14.865167 
37.242836 
25.984333 
24.016406 
24.846868 
28.642059 
13.336906 
23.020468 
8.827914 
14.270534 
27.683971 
24.353205 
2047.812443 
833.695652 
15.261987 
17.841926 
16.942622 
75.622645 
37.171813 
17.351772 
21.637791 
16.015078 
17.841926 
15.627770 
44.091882 
22.304858 
20.765262 
12.655710 
21.731205 
25.984744 
11.715845 
18.628332 
15.598084 
15.685188 
15.280495 
17.420569 
10.230296 
10.145616 
18.030137 
14.865167 
37.242836 
25.984333 
24.016406 
24.846868 
28.642059 
13.336906 
23.020468 
8.827914 
14.270534 
27.683971 
24.353205 
