1958.519340 
793.578429 
13.530254 
9.421132 
18.342247 
90.446076 
27.435853 
13.929085 
23.325478 
13.176167 
9.421132 
8.406705 
48.353795 
9.774171 
15.177953 
10.681010 
33.256592 
33.356754 
12.815869 
16.226329 
13.415746 
11.163615 
12.541799 
12.373655 
16.804606 
9.110409 
13.105415 
21.389008 
23.060045 
21.056756 
25.073725 
19.205389 
28.120390 
12.469292 
23.560327 
14.961633 
13.123028 
23.846539 
24.684989 
1958.519340 
793.578429 
13.530254 
9.421132 
18.342247 
90.446076 
27.435853 
13.929085 
23.325478 
13.176167 
9.421132 
8.406705 
48.353795 
9.774171 
15.177953 
10.681010 
33.256592 
33.356754 
12.815869 
16.226329 
13.415746 
11.163615 
12.541799 
12.373655 
16.804606 
9.110409 
13.105415 
21.389008 
23.060045 
21.056756 
25.073725 
19.205389 
28.120390 
12.469292 
23.560327 
14.961633 
13.123028 
23.846539 
24.684989 
1958.519340 
793.578429 
13.530254 
9.421132 
18.342247 
90.446076 
27.435853 
13.929085 
23.325478 
13.176167 
9.421132 
8.406705 
48.353795 
9.774171 
15.177953 
10.681010 
33.256592 
33.356754 
12.815869 
16.226329 
13.415746 
11.163615 
12.541799 
12.373655 
16.804606 
9.110409 
13.105415 
21.389008 
23.060045 
21.056756 
25.073725 
19.205389 
28.120390 
12.469292 
23.560327 
14.961633 
13.123028 
23.846539 
24.684989 
1958.519340 
793.578429 
13.530254 
9.421132 
18.342247 
90.446076 
27.435853 
13.929085 
23.325478 
13.176167 
9.421132 
8.406705 
48.353795 
9.774171 
15.177953 
10.681010 
33.256592 
33.356754 
12.815869 
16.226329 
13.415746 
11.163615 
12.541799 
12.373655 
16.804606 
9.110409 
13.105415 
21.389008 
23.060045 
21.056756 
25.073725 
19.205389 
28.120390 
12.469292 
23.560327 
14.961633 
13.123028 
23.846539 
24.684989 
1958.519340 
793.578429 
13.530254 
9.421132 
18.342247 
90.446076 
27.435853 
13.929085 
23.325478 
13.176167 
9.421132 
8.406705 
48.353795 
9.774171 
15.177953 
10.681010 
33.256592 
33.356754 
12.815869 
16.226329 
13.415746 
11.163615 
12.541799 
12.373655 
16.804606 
9.110409 
13.105415 
21.389008 
23.060045 
21.056756 
25.073725 
19.205389 
28.120390 
12.469292 
23.560327 
14.961633 
13.123028 
23.846539 
24.684989 
