1948.390253 
791.475212 
16.491887 
25.552189 
18.190034 
115.881250 
33.200213 
15.843644 
20.954950 
17.437782 
25.552189 
13.925296 
15.968830 
15.636607 
24.164128 
11.791977 
17.587668 
14.416027 
16.407913 
16.939632 
19.931353 
13.246845 
11.805096 
13.291417 
16.673832 
12.044264 
15.311284 
19.635615 
30.098573 
30.040806 
26.140623 
20.526134 
30.332639 
14.775722 
28.546736 
16.791611 
15.079312 
22.567869 
23.026156 
1948.390253 
791.475212 
16.491887 
25.552189 
18.190034 
115.881250 
33.200213 
15.843644 
20.954950 
17.437782 
25.552189 
13.925296 
15.968830 
15.636607 
24.164128 
11.791977 
17.587668 
14.416027 
16.407913 
16.939632 
19.931353 
13.246845 
11.805096 
13.291417 
16.673832 
12.044264 
15.311284 
19.635615 
30.098573 
30.040806 
26.140623 
20.526134 
30.332639 
14.775722 
28.546736 
16.791611 
15.079312 
22.567869 
23.026156 
1948.390253 
791.475212 
16.491887 
25.552189 
18.190034 
115.881250 
33.200213 
15.843644 
20.954950 
17.437782 
25.552189 
13.925296 
15.968830 
15.636607 
24.164128 
11.791977 
17.587668 
14.416027 
16.407913 
16.939632 
19.931353 
13.246845 
11.805096 
13.291417 
16.673832 
12.044264 
15.311284 
19.635615 
30.098573 
30.040806 
26.140623 
20.526134 
30.332639 
14.775722 
28.546736 
16.791611 
15.079312 
22.567869 
23.026156 
1948.390253 
791.475212 
16.491887 
25.552189 
18.190034 
115.881250 
33.200213 
15.843644 
20.954950 
17.437782 
25.552189 
13.925296 
15.968830 
15.636607 
24.164128 
11.791977 
17.587668 
14.416027 
16.407913 
16.939632 
19.931353 
13.246845 
11.805096 
13.291417 
16.673832 
12.044264 
15.311284 
19.635615 
30.098573 
30.040806 
26.140623 
20.526134 
30.332639 
14.775722 
28.546736 
16.791611 
15.079312 
22.567869 
23.026156 
1948.390253 
791.475212 
16.491887 
25.552189 
18.190034 
115.881250 
33.200213 
15.843644 
20.954950 
17.437782 
25.552189 
13.925296 
15.968830 
15.636607 
24.164128 
11.791977 
17.587668 
14.416027 
16.407913 
16.939632 
19.931353 
13.246845 
11.805096 
13.291417 
16.673832 
12.044264 
15.311284 
19.635615 
30.098573 
30.040806 
26.140623 
20.526134 
30.332639 
14.775722 
28.546736 
16.791611 
15.079312 
22.567869 
23.026156 
