1975.543549 
816.604390 
12.886862 
7.633637 
17.811532 
61.694624 
27.746111 
15.007753 
17.005227 
14.151594 
7.633637 
12.267247 
17.066200 
15.471641 
17.010133 
9.273017 
11.022927 
14.786022 
13.887475 
9.817575 
18.098549 
13.744516 
11.773622 
15.558977 
18.236112 
10.783608 
14.214972 
18.753744 
29.990736 
23.055942 
24.183529 
22.390302 
14.640283 
9.812125 
16.588886 
12.170713 
14.004782 
27.347205 
19.178207 
1975.543549 
816.604390 
12.886862 
7.633637 
17.811532 
61.694624 
27.746111 
15.007753 
17.005227 
14.151594 
7.633637 
12.267247 
17.066200 
15.471641 
17.010133 
9.273017 
11.022927 
14.786022 
13.887475 
9.817575 
18.098549 
13.744516 
11.773622 
15.558977 
18.236112 
10.783608 
14.214972 
18.753744 
29.990736 
23.055942 
24.183529 
22.390302 
14.640283 
9.812125 
16.588886 
12.170713 
14.004782 
27.347205 
19.178207 
1975.543549 
816.604390 
12.886862 
7.633637 
17.811532 
61.694624 
27.746111 
15.007753 
17.005227 
14.151594 
7.633637 
12.267247 
17.066200 
15.471641 
17.010133 
9.273017 
11.022927 
14.786022 
13.887475 
9.817575 
18.098549 
13.744516 
11.773622 
15.558977 
18.236112 
10.783608 
14.214972 
18.753744 
29.990736 
23.055942 
24.183529 
22.390302 
14.640283 
9.812125 
16.588886 
12.170713 
14.004782 
27.347205 
19.178207 
1975.543549 
816.604390 
12.886862 
7.633637 
17.811532 
61.694624 
27.746111 
15.007753 
17.005227 
14.151594 
7.633637 
12.267247 
17.066200 
15.471641 
17.010133 
9.273017 
11.022927 
14.786022 
13.887475 
9.817575 
18.098549 
13.744516 
11.773622 
15.558977 
18.236112 
10.783608 
14.214972 
18.753744 
29.990736 
23.055942 
24.183529 
22.390302 
14.640283 
9.812125 
16.588886 
12.170713 
14.004782 
27.347205 
19.178207 
1975.543549 
816.604390 
12.886862 
7.633637 
17.811532 
61.694624 
27.746111 
15.007753 
17.005227 
14.151594 
7.633637 
12.267247 
17.066200 
15.471641 
17.010133 
9.273017 
11.022927 
14.786022 
13.887475 
9.817575 
18.098549 
13.744516 
11.773622 
15.558977 
18.236112 
10.783608 
14.214972 
18.753744 
29.990736 
23.055942 
24.183529 
22.390302 
14.640283 
9.812125 
16.588886 
12.170713 
14.004782 
27.347205 
19.178207 
