1964.673547 
793.025995 
19.531532 
30.114913 
22.588716 
75.589216 
30.163844 
19.496540 
20.901482 
15.236751 
30.114913 
14.138721 
27.284417 
14.305728 
20.653694 
20.897972 
16.014797 
18.799942 
18.892389 
29.138775 
18.408930 
12.609956 
11.617119 
9.924418 
11.193081 
16.004887 
15.528677 
18.263960 
36.659245 
24.038593 
24.376308 
22.081048 
35.584006 
18.736183 
24.937656 
20.855917 
18.383415 
26.685045 
19.148976 
1964.673547 
793.025995 
19.531532 
30.114913 
22.588716 
75.589216 
30.163844 
19.496540 
20.901482 
15.236751 
30.114913 
14.138721 
27.284417 
14.305728 
20.653694 
20.897972 
16.014797 
18.799942 
18.892389 
29.138775 
18.408930 
12.609956 
11.617119 
9.924418 
11.193081 
16.004887 
15.528677 
18.263960 
36.659245 
24.038593 
24.376308 
22.081048 
35.584006 
18.736183 
24.937656 
20.855917 
18.383415 
26.685045 
19.148976 
1964.673547 
793.025995 
19.531532 
30.114913 
22.588716 
75.589216 
30.163844 
19.496540 
20.901482 
15.236751 
30.114913 
14.138721 
27.284417 
14.305728 
20.653694 
20.897972 
16.014797 
18.799942 
18.892389 
29.138775 
18.408930 
12.609956 
11.617119 
9.924418 
11.193081 
16.004887 
15.528677 
18.263960 
36.659245 
24.038593 
24.376308 
22.081048 
35.584006 
18.736183 
24.937656 
20.855917 
18.383415 
26.685045 
19.148976 
1964.673547 
793.025995 
19.531532 
30.114913 
22.588716 
75.589216 
30.163844 
19.496540 
20.901482 
15.236751 
30.114913 
14.138721 
27.284417 
14.305728 
20.653694 
20.897972 
16.014797 
18.799942 
18.892389 
29.138775 
18.408930 
12.609956 
11.617119 
9.924418 
11.193081 
16.004887 
15.528677 
18.263960 
36.659245 
24.038593 
24.376308 
22.081048 
35.584006 
18.736183 
24.937656 
20.855917 
18.383415 
26.685045 
19.148976 
1964.673547 
793.025995 
19.531532 
30.114913 
22.588716 
75.589216 
30.163844 
19.496540 
20.901482 
15.236751 
30.114913 
14.138721 
27.284417 
14.305728 
20.653694 
20.897972 
16.014797 
18.799942 
18.892389 
29.138775 
18.408930 
12.609956 
11.617119 
9.924418 
11.193081 
16.004887 
15.528677 
18.263960 
36.659245 
24.038593 
24.376308 
22.081048 
35.584006 
18.736183 
24.937656 
20.855917 
18.383415 
26.685045 
19.148976 
