1978.438480 
828.208253 
14.242078 
17.453167 
15.998420 
93.200243 
31.368936 
12.290846 
25.014612 
10.988599 
17.453167 
11.045096 
22.604036 
21.577083 
17.381238 
8.548966 
20.226585 
20.357657 
13.504095 
19.590705 
13.515414 
25.231063 
18.168199 
12.501522 
22.621429 
10.368280 
20.649191 
27.655101 
28.557663 
25.298477 
31.107412 
18.996943 
25.731578 
12.075760 
14.984772 
14.725523 
12.938673 
27.872038 
18.103633 
1978.438480 
828.208253 
14.242078 
17.453167 
15.998420 
93.200243 
31.368936 
12.290846 
25.014612 
10.988599 
17.453167 
11.045096 
22.604036 
21.577083 
17.381238 
8.548966 
20.226585 
20.357657 
13.504095 
19.590705 
13.515414 
25.231063 
18.168199 
12.501522 
22.621429 
10.368280 
20.649191 
27.655101 
28.557663 
25.298477 
31.107412 
18.996943 
25.731578 
12.075760 
14.984772 
14.725523 
12.938673 
27.872038 
18.103633 
1978.438480 
828.208253 
14.242078 
17.453167 
15.998420 
93.200243 
31.368936 
12.290846 
25.014612 
10.988599 
17.453167 
11.045096 
22.604036 
21.577083 
17.381238 
8.548966 
20.226585 
20.357657 
13.504095 
19.590705 
13.515414 
25.231063 
18.168199 
12.501522 
22.621429 
10.368280 
20.649191 
27.655101 
28.557663 
25.298477 
31.107412 
18.996943 
25.731578 
12.075760 
14.984772 
14.725523 
12.938673 
27.872038 
18.103633 
1978.438480 
828.208253 
14.242078 
17.453167 
15.998420 
93.200243 
31.368936 
12.290846 
25.014612 
10.988599 
17.453167 
11.045096 
22.604036 
21.577083 
17.381238 
8.548966 
20.226585 
20.357657 
13.504095 
19.590705 
13.515414 
25.231063 
18.168199 
12.501522 
22.621429 
10.368280 
20.649191 
27.655101 
28.557663 
25.298477 
31.107412 
18.996943 
25.731578 
12.075760 
14.984772 
14.725523 
12.938673 
27.872038 
18.103633 
1978.438480 
828.208253 
14.242078 
17.453167 
15.998420 
93.200243 
31.368936 
12.290846 
25.014612 
10.988599 
17.453167 
11.045096 
22.604036 
21.577083 
17.381238 
8.548966 
20.226585 
20.357657 
13.504095 
19.590705 
13.515414 
25.231063 
18.168199 
12.501522 
22.621429 
10.368280 
20.649191 
27.655101 
28.557663 
25.298477 
31.107412 
18.996943 
25.731578 
12.075760 
14.984772 
14.725523 
12.938673 
27.872038 
18.103633 
