2024.857540 
804.199122 
15.318662 
13.178881 
17.896498 
114.606344 
21.975032 
13.753636 
24.776873 
13.483331 
13.178881 
17.286535 
25.091872 
16.151031 
21.482048 
10.377625 
27.790355 
22.332097 
16.631858 
18.036856 
7.806797 
14.618085 
12.558664 
12.483558 
11.424041 
9.503806 
12.753022 
14.990200 
19.649500 
15.432843 
20.715495 
22.243006 
12.657572 
11.548416 
24.368150 
22.113640 
12.668739 
22.056856 
21.672625 
2024.857540 
804.199122 
15.318662 
13.178881 
17.896498 
114.606344 
21.975032 
13.753636 
24.776873 
13.483331 
13.178881 
17.286535 
25.091872 
16.151031 
21.482048 
10.377625 
27.790355 
22.332097 
16.631858 
18.036856 
7.806797 
14.618085 
12.558664 
12.483558 
11.424041 
9.503806 
12.753022 
14.990200 
19.649500 
15.432843 
20.715495 
22.243006 
12.657572 
11.548416 
24.368150 
22.113640 
12.668739 
22.056856 
21.672625 
2024.857540 
804.199122 
15.318662 
13.178881 
17.896498 
114.606344 
21.975032 
13.753636 
24.776873 
13.483331 
13.178881 
17.286535 
25.091872 
16.151031 
21.482048 
10.377625 
27.790355 
22.332097 
16.631858 
18.036856 
7.806797 
14.618085 
12.558664 
12.483558 
11.424041 
9.503806 
12.753022 
14.990200 
19.649500 
15.432843 
20.715495 
22.243006 
12.657572 
11.548416 
24.368150 
22.113640 
12.668739 
22.056856 
21.672625 
2024.857540 
804.199122 
15.318662 
13.178881 
17.896498 
114.606344 
21.975032 
13.753636 
24.776873 
13.483331 
13.178881 
17.286535 
25.091872 
16.151031 
21.482048 
10.377625 
27.790355 
22.332097 
16.631858 
18.036856 
7.806797 
14.618085 
12.558664 
12.483558 
11.424041 
9.503806 
12.753022 
14.990200 
19.649500 
15.432843 
20.715495 
22.243006 
12.657572 
11.548416 
24.368150 
22.113640 
12.668739 
22.056856 
21.672625 
2024.857540 
804.199122 
15.318662 
13.178881 
17.896498 
114.606344 
21.975032 
13.753636 
24.776873 
13.483331 
13.178881 
17.286535 
25.091872 
16.151031 
21.482048 
10.377625 
27.790355 
22.332097 
16.631858 
18.036856 
7.806797 
14.618085 
12.558664 
12.483558 
11.424041 
9.503806 
12.753022 
14.990200 
19.649500 
15.432843 
20.715495 
22.243006 
12.657572 
11.548416 
24.368150 
22.113640 
12.668739 
22.056856 
21.672625 
