1943.987823 
777.829147 
13.483469 
20.587765 
17.335909 
125.378346 
28.909465 
15.119132 
22.652315 
15.257025 
20.587765 
11.166338 
40.738499 
17.172416 
12.902086 
12.945246 
32.961975 
24.402494 
12.188264 
15.177938 
15.680233 
7.785688 
22.177988 
15.201192 
12.558174 
12.736226 
17.979838 
17.010368 
34.269411 
17.988630 
25.349718 
23.634330 
35.426257 
12.932014 
14.399455 
18.326726 
16.076175 
31.618749 
32.755386 
1943.987823 
777.829147 
13.483469 
20.587765 
17.335909 
125.378346 
28.909465 
15.119132 
22.652315 
15.257025 
20.587765 
11.166338 
40.738499 
17.172416 
12.902086 
12.945246 
32.961975 
24.402494 
12.188264 
15.177938 
15.680233 
7.785688 
22.177988 
15.201192 
12.558174 
12.736226 
17.979838 
17.010368 
34.269411 
17.988630 
25.349718 
23.634330 
35.426257 
12.932014 
14.399455 
18.326726 
16.076175 
31.618749 
32.755386 
1943.987823 
777.829147 
13.483469 
20.587765 
17.335909 
125.378346 
28.909465 
15.119132 
22.652315 
15.257025 
20.587765 
11.166338 
40.738499 
17.172416 
12.902086 
12.945246 
32.961975 
24.402494 
12.188264 
15.177938 
15.680233 
7.785688 
22.177988 
15.201192 
12.558174 
12.736226 
17.979838 
17.010368 
34.269411 
17.988630 
25.349718 
23.634330 
35.426257 
12.932014 
14.399455 
18.326726 
16.076175 
31.618749 
32.755386 
1943.987823 
777.829147 
13.483469 
20.587765 
17.335909 
125.378346 
28.909465 
15.119132 
22.652315 
15.257025 
20.587765 
11.166338 
40.738499 
17.172416 
12.902086 
12.945246 
32.961975 
24.402494 
12.188264 
15.177938 
15.680233 
7.785688 
22.177988 
15.201192 
12.558174 
12.736226 
17.979838 
17.010368 
34.269411 
17.988630 
25.349718 
23.634330 
35.426257 
12.932014 
14.399455 
18.326726 
16.076175 
31.618749 
32.755386 
1943.987823 
777.829147 
13.483469 
20.587765 
17.335909 
125.378346 
28.909465 
15.119132 
22.652315 
15.257025 
20.587765 
11.166338 
40.738499 
17.172416 
12.902086 
12.945246 
32.961975 
24.402494 
12.188264 
15.177938 
15.680233 
7.785688 
22.177988 
15.201192 
12.558174 
12.736226 
17.979838 
17.010368 
34.269411 
17.988630 
25.349718 
23.634330 
35.426257 
12.932014 
14.399455 
18.326726 
16.076175 
31.618749 
32.755386 
