1975.153578 
828.691913 
16.800548 
10.803306 
21.833052 
85.636549 
31.747679 
25.470495 
37.979094 
17.054804 
10.803306 
17.339462 
29.625330 
16.018226 
17.468589 
20.623898 
24.368008 
16.701830 
17.065650 
19.571038 
14.276207 
16.485381 
15.389260 
16.107360 
15.807992 
15.071471 
24.166957 
29.096212 
30.530518 
34.523399 
33.626231 
19.055630 
22.024421 
16.205382 
21.581520 
16.214278 
17.606456 
29.689359 
18.649594 
1975.153578 
828.691913 
16.800548 
10.803306 
21.833052 
85.636549 
31.747679 
25.470495 
37.979094 
17.054804 
10.803306 
17.339462 
29.625330 
16.018226 
17.468589 
20.623898 
24.368008 
16.701830 
17.065650 
19.571038 
14.276207 
16.485381 
15.389260 
16.107360 
15.807992 
15.071471 
24.166957 
29.096212 
30.530518 
34.523399 
33.626231 
19.055630 
22.024421 
16.205382 
21.581520 
16.214278 
17.606456 
29.689359 
18.649594 
1975.153578 
828.691913 
16.800548 
10.803306 
21.833052 
85.636549 
31.747679 
25.470495 
37.979094 
17.054804 
10.803306 
17.339462 
29.625330 
16.018226 
17.468589 
20.623898 
24.368008 
16.701830 
17.065650 
19.571038 
14.276207 
16.485381 
15.389260 
16.107360 
15.807992 
15.071471 
24.166957 
29.096212 
30.530518 
34.523399 
33.626231 
19.055630 
22.024421 
16.205382 
21.581520 
16.214278 
17.606456 
29.689359 
18.649594 
1975.153578 
828.691913 
16.800548 
10.803306 
21.833052 
85.636549 
31.747679 
25.470495 
37.979094 
17.054804 
10.803306 
17.339462 
29.625330 
16.018226 
17.468589 
20.623898 
24.368008 
16.701830 
17.065650 
19.571038 
14.276207 
16.485381 
15.389260 
16.107360 
15.807992 
15.071471 
24.166957 
29.096212 
30.530518 
34.523399 
33.626231 
19.055630 
22.024421 
16.205382 
21.581520 
16.214278 
17.606456 
29.689359 
18.649594 
1975.153578 
828.691913 
16.800548 
10.803306 
21.833052 
85.636549 
31.747679 
25.470495 
37.979094 
17.054804 
10.803306 
17.339462 
29.625330 
16.018226 
17.468589 
20.623898 
24.368008 
16.701830 
17.065650 
19.571038 
14.276207 
16.485381 
15.389260 
16.107360 
15.807992 
15.071471 
24.166957 
29.096212 
30.530518 
34.523399 
33.626231 
19.055630 
22.024421 
16.205382 
21.581520 
16.214278 
17.606456 
29.689359 
18.649594 
