2049.309672 
846.408360 
14.726271 
17.951832 
18.042608 
83.318383 
17.669113 
17.328899 
18.206181 
10.516678 
17.951832 
11.372590 
25.800883 
17.569530 
15.443165 
8.977864 
12.310930 
13.998558 
17.322723 
12.984703 
12.525621 
12.210111 
7.828920 
13.599997 
13.767586 
9.604750 
20.975242 
17.744602 
69.310273 
28.415668 
27.182968 
24.032717 
65.525538 
11.834777 
22.933782 
11.093630 
13.631248 
36.506476 
29.017727 
2049.309672 
846.408360 
14.726271 
17.951832 
18.042608 
83.318383 
17.669113 
17.328899 
18.206181 
10.516678 
17.951832 
11.372590 
25.800883 
17.569530 
15.443165 
8.977864 
12.310930 
13.998558 
17.322723 
12.984703 
12.525621 
12.210111 
7.828920 
13.599997 
13.767586 
9.604750 
20.975242 
17.744602 
69.310273 
28.415668 
27.182968 
24.032717 
65.525538 
11.834777 
22.933782 
11.093630 
13.631248 
36.506476 
29.017727 
2049.309672 
846.408360 
14.726271 
17.951832 
18.042608 
83.318383 
17.669113 
17.328899 
18.206181 
10.516678 
17.951832 
11.372590 
25.800883 
17.569530 
15.443165 
8.977864 
12.310930 
13.998558 
17.322723 
12.984703 
12.525621 
12.210111 
7.828920 
13.599997 
13.767586 
9.604750 
20.975242 
17.744602 
69.310273 
28.415668 
27.182968 
24.032717 
65.525538 
11.834777 
22.933782 
11.093630 
13.631248 
36.506476 
29.017727 
2049.309672 
846.408360 
14.726271 
17.951832 
18.042608 
83.318383 
17.669113 
17.328899 
18.206181 
10.516678 
17.951832 
11.372590 
25.800883 
17.569530 
15.443165 
8.977864 
12.310930 
13.998558 
17.322723 
12.984703 
12.525621 
12.210111 
7.828920 
13.599997 
13.767586 
9.604750 
20.975242 
17.744602 
69.310273 
28.415668 
27.182968 
24.032717 
65.525538 
11.834777 
22.933782 
11.093630 
13.631248 
36.506476 
29.017727 
2049.309672 
846.408360 
14.726271 
17.951832 
18.042608 
83.318383 
17.669113 
17.328899 
18.206181 
10.516678 
17.951832 
11.372590 
25.800883 
17.569530 
15.443165 
8.977864 
12.310930 
13.998558 
17.322723 
12.984703 
12.525621 
12.210111 
7.828920 
13.599997 
13.767586 
9.604750 
20.975242 
17.744602 
69.310273 
28.415668 
27.182968 
24.032717 
65.525538 
11.834777 
22.933782 
11.093630 
13.631248 
36.506476 
29.017727 
