2019.075591 
814.280798 
13.978444 
16.729115 
19.851784 
119.329620 
23.375573 
13.184087 
23.865672 
11.456672 
16.729115 
15.581093 
28.911196 
12.161007 
17.632297 
11.386879 
14.752205 
17.518667 
15.999067 
11.861789 
11.014048 
14.021243 
16.867207 
12.342377 
13.835203 
12.863813 
18.642554 
24.679154 
17.722842 
25.448990 
25.246699 
16.687633 
22.152627 
12.437400 
19.286436 
9.394356 
12.457831 
16.565700 
19.716299 
2156.414112 
840.965081 
14.553051 
23.647736 
16.676713 
93.539366 
21.684552 
18.303432 
21.420110 
15.970046 
23.647736 
10.230058 
23.251124 
18.101800 
17.822000 
9.056974 
15.228743 
16.311279 
21.355373 
18.518219 
12.646598 
10.357768 
10.338912 
17.605515 
13.104337 
12.225341 
18.489038 
16.004063 
22.086616 
32.748718 
24.087779 
25.570442 
28.467158 
11.253943 
21.730392 
22.638631 
16.818221 
37.811994 
34.690628 
2156.414112 
840.965081 
14.553051 
23.647736 
16.676713 
93.539366 
21.684552 
18.303432 
21.420110 
15.970046 
23.647736 
10.230058 
23.251124 
18.101800 
17.822000 
9.056974 
15.228743 
16.311279 
21.355373 
18.518219 
12.646598 
10.357768 
10.338912 
17.605515 
13.104337 
12.225341 
18.489038 
16.004063 
22.086616 
32.748718 
24.087779 
25.570442 
28.467158 
11.253943 
21.730392 
22.638631 
16.818221 
37.811994 
34.690628 
2156.414112 
840.965081 
14.553051 
23.647736 
16.676713 
93.539366 
21.684552 
18.303432 
21.420110 
15.970046 
23.647736 
10.230058 
23.251124 
18.101800 
17.822000 
9.056974 
15.228743 
16.311279 
21.355373 
18.518219 
12.646598 
10.357768 
10.338912 
17.605515 
13.104337 
12.225341 
18.489038 
16.004063 
22.086616 
32.748718 
24.087779 
25.570442 
28.467158 
11.253943 
21.730392 
22.638631 
16.818221 
37.811994 
34.690628 
2156.414112 
840.965081 
14.553051 
23.647736 
16.676713 
93.539366 
21.684552 
18.303432 
21.420110 
15.970046 
23.647736 
10.230058 
23.251124 
18.101800 
17.822000 
9.056974 
15.228743 
16.311279 
21.355373 
18.518219 
12.646598 
10.357768 
10.338912 
17.605515 
13.104337 
12.225341 
18.489038 
16.004063 
22.086616 
32.748718 
24.087779 
25.570442 
28.467158 
11.253943 
21.730392 
22.638631 
16.818221 
37.811994 
34.690628 
