2122.427776 
832.871172 
13.669549 
17.066123 
19.171525 
106.305580 
17.081001 
16.659410 
17.453766 
16.869527 
17.066123 
9.941406 
27.422021 
9.592892 
9.771036 
15.384081 
17.344364 
25.167430 
12.223248 
15.098492 
24.029740 
15.014853 
9.914892 
19.541093 
19.744313 
12.931178 
14.142053 
18.531419 
14.952893 
16.949312 
16.889336 
14.948649 
13.020029 
12.954094 
7.976206 
8.497206 
11.314616 
18.723833 
16.358942 
2122.427776 
832.871172 
13.669549 
17.066123 
19.171525 
106.305580 
17.081001 
16.659410 
17.453766 
16.869527 
17.066123 
9.941406 
27.422021 
9.592892 
9.771036 
15.384081 
17.344364 
25.167430 
12.223248 
15.098492 
24.029740 
15.014853 
9.914892 
19.541093 
19.744313 
12.931178 
14.142053 
18.531419 
14.952893 
16.949312 
16.889336 
14.948649 
13.020029 
12.954094 
7.976206 
8.497206 
11.314616 
18.723833 
16.358942 
2122.427776 
832.871172 
13.669549 
17.066123 
19.171525 
106.305580 
17.081001 
16.659410 
17.453766 
16.869527 
17.066123 
9.941406 
27.422021 
9.592892 
9.771036 
15.384081 
17.344364 
25.167430 
12.223248 
15.098492 
24.029740 
15.014853 
9.914892 
19.541093 
19.744313 
12.931178 
14.142053 
18.531419 
14.952893 
16.949312 
16.889336 
14.948649 
13.020029 
12.954094 
7.976206 
8.497206 
11.314616 
18.723833 
16.358942 
2122.427776 
832.871172 
13.669549 
17.066123 
19.171525 
106.305580 
17.081001 
16.659410 
17.453766 
16.869527 
17.066123 
9.941406 
27.422021 
9.592892 
9.771036 
15.384081 
17.344364 
25.167430 
12.223248 
15.098492 
24.029740 
15.014853 
9.914892 
19.541093 
19.744313 
12.931178 
14.142053 
18.531419 
14.952893 
16.949312 
16.889336 
14.948649 
13.020029 
12.954094 
7.976206 
8.497206 
11.314616 
18.723833 
16.358942 
2122.427776 
832.871172 
13.669549 
17.066123 
19.171525 
106.305580 
17.081001 
16.659410 
17.453766 
16.869527 
17.066123 
9.941406 
27.422021 
9.592892 
9.771036 
15.384081 
17.344364 
25.167430 
12.223248 
15.098492 
24.029740 
15.014853 
9.914892 
19.541093 
19.744313 
12.931178 
14.142053 
18.531419 
14.952893 
16.949312 
16.889336 
14.948649 
13.020029 
12.954094 
7.976206 
8.497206 
11.314616 
18.723833 
16.358942 
