1979.029270 
799.994724 
18.763694 
30.352556 
21.761321 
119.246991 
26.921477 
20.597359 
27.362751 
20.217371 
30.352556 
20.377307 
36.844539 
22.195617 
31.177321 
13.402617 
24.023634 
25.359710 
20.131584 
23.942295 
12.279624 
16.347115 
11.996278 
12.294255 
14.574220 
9.673222 
15.999291 
19.506060 
19.080664 
21.311925 
24.503786 
16.677614 
23.954038 
17.105358 
24.794428 
13.137352 
15.276980 
22.012077 
17.617212 
1979.029270 
799.994724 
18.763694 
30.352556 
21.761321 
119.246991 
26.921477 
20.597359 
27.362751 
20.217371 
30.352556 
20.377307 
36.844539 
22.195617 
31.177321 
13.402617 
24.023634 
25.359710 
20.131584 
23.942295 
12.279624 
16.347115 
11.996278 
12.294255 
14.574220 
9.673222 
15.999291 
19.506060 
19.080664 
21.311925 
24.503786 
16.677614 
23.954038 
17.105358 
24.794428 
13.137352 
15.276980 
22.012077 
17.617212 
1979.029270 
799.994724 
18.763694 
30.352556 
21.761321 
119.246991 
26.921477 
20.597359 
27.362751 
20.217371 
30.352556 
20.377307 
36.844539 
22.195617 
31.177321 
13.402617 
24.023634 
25.359710 
20.131584 
23.942295 
12.279624 
16.347115 
11.996278 
12.294255 
14.574220 
9.673222 
15.999291 
19.506060 
19.080664 
21.311925 
24.503786 
16.677614 
23.954038 
17.105358 
24.794428 
13.137352 
15.276980 
22.012077 
17.617212 
1979.029270 
799.994724 
18.763694 
30.352556 
21.761321 
119.246991 
26.921477 
20.597359 
27.362751 
20.217371 
30.352556 
20.377307 
36.844539 
22.195617 
31.177321 
13.402617 
24.023634 
25.359710 
20.131584 
23.942295 
12.279624 
16.347115 
11.996278 
12.294255 
14.574220 
9.673222 
15.999291 
19.506060 
19.080664 
21.311925 
24.503786 
16.677614 
23.954038 
17.105358 
24.794428 
13.137352 
15.276980 
22.012077 
17.617212 
1979.029270 
799.994724 
18.763694 
30.352556 
21.761321 
119.246991 
26.921477 
20.597359 
27.362751 
20.217371 
30.352556 
20.377307 
36.844539 
22.195617 
31.177321 
13.402617 
24.023634 
25.359710 
20.131584 
23.942295 
12.279624 
16.347115 
11.996278 
12.294255 
14.574220 
9.673222 
15.999291 
19.506060 
19.080664 
21.311925 
24.503786 
16.677614 
23.954038 
17.105358 
24.794428 
13.137352 
15.276980 
22.012077 
17.617212 
