2135.046235 
855.849079 
14.062460 
21.066498 
17.360093 
118.421230 
25.093396 
17.437113 
21.156063 
11.833517 
21.066498 
12.949510 
35.816040 
9.566017 
11.639784 
10.428662 
21.514773 
22.655530 
13.849662 
13.918520 
14.872894 
17.684123 
10.205893 
7.842123 
24.911375 
10.764439 
15.169838 
21.525438 
14.624405 
17.326548 
19.517939 
17.201869 
15.351143 
13.728921 
14.079393 
12.952361 
13.105917 
14.301615 
15.984768 
2135.046235 
855.849079 
14.062460 
21.066498 
17.360093 
118.421230 
25.093396 
17.437113 
21.156063 
11.833517 
21.066498 
12.949510 
35.816040 
9.566017 
11.639784 
10.428662 
21.514773 
22.655530 
13.849662 
13.918520 
14.872894 
17.684123 
10.205893 
7.842123 
24.911375 
10.764439 
15.169838 
21.525438 
14.624405 
17.326548 
19.517939 
17.201869 
15.351143 
13.728921 
14.079393 
12.952361 
13.105917 
14.301615 
15.984768 
2135.046235 
855.849079 
14.062460 
21.066498 
17.360093 
118.421230 
25.093396 
17.437113 
21.156063 
11.833517 
21.066498 
12.949510 
35.816040 
9.566017 
11.639784 
10.428662 
21.514773 
22.655530 
13.849662 
13.918520 
14.872894 
17.684123 
10.205893 
7.842123 
24.911375 
10.764439 
15.169838 
21.525438 
14.624405 
17.326548 
19.517939 
17.201869 
15.351143 
13.728921 
14.079393 
12.952361 
13.105917 
14.301615 
15.984768 
2135.046235 
855.849079 
14.062460 
21.066498 
17.360093 
118.421230 
25.093396 
17.437113 
21.156063 
11.833517 
21.066498 
12.949510 
35.816040 
9.566017 
11.639784 
10.428662 
21.514773 
22.655530 
13.849662 
13.918520 
14.872894 
17.684123 
10.205893 
7.842123 
24.911375 
10.764439 
15.169838 
21.525438 
14.624405 
17.326548 
19.517939 
17.201869 
15.351143 
13.728921 
14.079393 
12.952361 
13.105917 
14.301615 
15.984768 
2135.046235 
855.849079 
14.062460 
21.066498 
17.360093 
118.421230 
25.093396 
17.437113 
21.156063 
11.833517 
21.066498 
12.949510 
35.816040 
9.566017 
11.639784 
10.428662 
21.514773 
22.655530 
13.849662 
13.918520 
14.872894 
17.684123 
10.205893 
7.842123 
24.911375 
10.764439 
15.169838 
21.525438 
14.624405 
17.326548 
19.517939 
17.201869 
15.351143 
13.728921 
14.079393 
12.952361 
13.105917 
14.301615 
15.984768 
