2014.984373 
805.990644 
16.542990 
17.309099 
20.075469 
71.351388 
21.019403 
16.635318 
28.313699 
16.835083 
17.309099 
22.592195 
39.426478 
11.614924 
16.785619 
13.782966 
24.603907 
27.073918 
26.165991 
14.845017 
15.611671 
9.619035 
9.599779 
12.323647 
12.609458 
14.022338 
11.702060 
17.648830 
14.772592 
8.937727 
18.703757 
20.744411 
16.350266 
16.399252 
21.455725 
11.717198 
13.457693 
23.978288 
19.354277 
2014.984373 
805.990644 
16.542990 
17.309099 
20.075469 
71.351388 
21.019403 
16.635318 
28.313699 
16.835083 
17.309099 
22.592195 
39.426478 
11.614924 
16.785619 
13.782966 
24.603907 
27.073918 
26.165991 
14.845017 
15.611671 
9.619035 
9.599779 
12.323647 
12.609458 
14.022338 
11.702060 
17.648830 
14.772592 
8.937727 
18.703757 
20.744411 
16.350266 
16.399252 
21.455725 
11.717198 
13.457693 
23.978288 
19.354277 
2014.984373 
805.990644 
16.542990 
17.309099 
20.075469 
71.351388 
21.019403 
16.635318 
28.313699 
16.835083 
17.309099 
22.592195 
39.426478 
11.614924 
16.785619 
13.782966 
24.603907 
27.073918 
26.165991 
14.845017 
15.611671 
9.619035 
9.599779 
12.323647 
12.609458 
14.022338 
11.702060 
17.648830 
14.772592 
8.937727 
18.703757 
20.744411 
16.350266 
16.399252 
21.455725 
11.717198 
13.457693 
23.978288 
19.354277 
2014.984373 
805.990644 
16.542990 
17.309099 
20.075469 
71.351388 
21.019403 
16.635318 
28.313699 
16.835083 
17.309099 
22.592195 
39.426478 
11.614924 
16.785619 
13.782966 
24.603907 
27.073918 
26.165991 
14.845017 
15.611671 
9.619035 
9.599779 
12.323647 
12.609458 
14.022338 
11.702060 
17.648830 
14.772592 
8.937727 
18.703757 
20.744411 
16.350266 
16.399252 
21.455725 
11.717198 
13.457693 
23.978288 
19.354277 
2014.984373 
805.990644 
16.542990 
17.309099 
20.075469 
71.351388 
21.019403 
16.635318 
28.313699 
16.835083 
17.309099 
22.592195 
39.426478 
11.614924 
16.785619 
13.782966 
24.603907 
27.073918 
26.165991 
14.845017 
15.611671 
9.619035 
9.599779 
12.323647 
12.609458 
14.022338 
11.702060 
17.648830 
14.772592 
8.937727 
18.703757 
20.744411 
16.350266 
16.399252 
21.455725 
11.717198 
13.457693 
23.978288 
19.354277 
