2100.088739 
849.523276 
15.813038 
19.412156 
15.667162 
97.304775 
42.620795 
20.950730 
24.440404 
9.966578 
19.412156 
8.732657 
27.600186 
21.979510 
23.564214 
18.451129 
20.519749 
15.641412 
13.541003 
10.553949 
9.286048 
9.456393 
24.637950 
13.778183 
8.374997 
21.568639 
32.727389 
10.192369 
64.259707 
16.538785 
18.923385 
34.445096 
93.820589 
12.693496 
59.388146 
13.444238 
13.118114 
39.769167 
28.748128 
2100.088739 
849.523276 
15.813038 
19.412156 
15.667162 
97.304775 
42.620795 
20.950730 
24.440404 
9.966578 
19.412156 
8.732657 
27.600186 
21.979510 
23.564214 
18.451129 
20.519749 
15.641412 
13.541003 
10.553949 
9.286048 
9.456393 
24.637950 
13.778183 
8.374997 
21.568639 
32.727389 
10.192369 
64.259707 
16.538785 
18.923385 
34.445096 
93.820589 
12.693496 
59.388146 
13.444238 
13.118114 
39.769167 
28.748128 
2100.088739 
849.523276 
15.813038 
19.412156 
15.667162 
97.304775 
42.620795 
20.950730 
24.440404 
9.966578 
19.412156 
8.732657 
27.600186 
21.979510 
23.564214 
18.451129 
20.519749 
15.641412 
13.541003 
10.553949 
9.286048 
9.456393 
24.637950 
13.778183 
8.374997 
21.568639 
32.727389 
10.192369 
64.259707 
16.538785 
18.923385 
34.445096 
93.820589 
12.693496 
59.388146 
13.444238 
13.118114 
39.769167 
28.748128 
2100.088739 
849.523276 
15.813038 
19.412156 
15.667162 
97.304775 
42.620795 
20.950730 
24.440404 
9.966578 
19.412156 
8.732657 
27.600186 
21.979510 
23.564214 
18.451129 
20.519749 
15.641412 
13.541003 
10.553949 
9.286048 
9.456393 
24.637950 
13.778183 
8.374997 
21.568639 
32.727389 
10.192369 
64.259707 
16.538785 
18.923385 
34.445096 
93.820589 
12.693496 
59.388146 
13.444238 
13.118114 
39.769167 
28.748128 
2100.088739 
849.523276 
15.813038 
19.412156 
15.667162 
97.304775 
42.620795 
20.950730 
24.440404 
9.966578 
19.412156 
8.732657 
27.600186 
21.979510 
23.564214 
18.451129 
20.519749 
15.641412 
13.541003 
10.553949 
9.286048 
9.456393 
24.637950 
13.778183 
8.374997 
21.568639 
32.727389 
10.192369 
64.259707 
16.538785 
18.923385 
34.445096 
93.820589 
12.693496 
59.388146 
13.444238 
13.118114 
39.769167 
28.748128 
