2052.165728 
823.019016 
12.975413 
13.184436 
16.335919 
60.070357 
25.733131 
13.580188 
22.257119 
9.069347 
13.184436 
8.711029 
19.203177 
10.195044 
16.015623 
9.391585 
19.589160 
20.495591 
19.292121 
14.924070 
14.052070 
10.714510 
14.680581 
16.079172 
15.430282 
10.006424 
14.311234 
19.468156 
34.383341 
40.338535 
26.191319 
22.271416 
21.184722 
10.534782 
22.432015 
12.867540 
14.504982 
26.836742 
32.672147 
2052.165728 
823.019016 
12.975413 
13.184436 
16.335919 
60.070357 
25.733131 
13.580188 
22.257119 
9.069347 
13.184436 
8.711029 
19.203177 
10.195044 
16.015623 
9.391585 
19.589160 
20.495591 
19.292121 
14.924070 
14.052070 
10.714510 
14.680581 
16.079172 
15.430282 
10.006424 
14.311234 
19.468156 
34.383341 
40.338535 
26.191319 
22.271416 
21.184722 
10.534782 
22.432015 
12.867540 
14.504982 
26.836742 
32.672147 
2052.165728 
823.019016 
12.975413 
13.184436 
16.335919 
60.070357 
25.733131 
13.580188 
22.257119 
9.069347 
13.184436 
8.711029 
19.203177 
10.195044 
16.015623 
9.391585 
19.589160 
20.495591 
19.292121 
14.924070 
14.052070 
10.714510 
14.680581 
16.079172 
15.430282 
10.006424 
14.311234 
19.468156 
34.383341 
40.338535 
26.191319 
22.271416 
21.184722 
10.534782 
22.432015 
12.867540 
14.504982 
26.836742 
32.672147 
2052.165728 
823.019016 
12.975413 
13.184436 
16.335919 
60.070357 
25.733131 
13.580188 
22.257119 
9.069347 
13.184436 
8.711029 
19.203177 
10.195044 
16.015623 
9.391585 
19.589160 
20.495591 
19.292121 
14.924070 
14.052070 
10.714510 
14.680581 
16.079172 
15.430282 
10.006424 
14.311234 
19.468156 
34.383341 
40.338535 
26.191319 
22.271416 
21.184722 
10.534782 
22.432015 
12.867540 
14.504982 
26.836742 
32.672147 
2052.165728 
823.019016 
12.975413 
13.184436 
16.335919 
60.070357 
25.733131 
13.580188 
22.257119 
9.069347 
13.184436 
8.711029 
19.203177 
10.195044 
16.015623 
9.391585 
19.589160 
20.495591 
19.292121 
14.924070 
14.052070 
10.714510 
14.680581 
16.079172 
15.430282 
10.006424 
14.311234 
19.468156 
34.383341 
40.338535 
26.191319 
22.271416 
21.184722 
10.534782 
22.432015 
12.867540 
14.504982 
26.836742 
32.672147 
