2016.764969 
812.321543 
14.181070 
11.725595 
18.767557 
92.608567 
15.555153 
17.991998 
13.656018 
19.224508 
11.725595 
10.766828 
26.247038 
11.239304 
15.728033 
11.459375 
20.082800 
13.481748 
18.296465 
20.954787 
14.197787 
11.137982 
15.480701 
16.901926 
12.204604 
13.624585 
12.496668 
19.521045 
25.443354 
17.640743 
25.646253 
22.550914 
30.415818 
12.092956 
17.749279 
11.146546 
11.673832 
21.263859 
26.754124 
2016.764969 
812.321543 
14.181070 
11.725595 
18.767557 
92.608567 
15.555153 
17.991998 
13.656018 
19.224508 
11.725595 
10.766828 
26.247038 
11.239304 
15.728033 
11.459375 
20.082800 
13.481748 
18.296465 
20.954787 
14.197787 
11.137982 
15.480701 
16.901926 
12.204604 
13.624585 
12.496668 
19.521045 
25.443354 
17.640743 
25.646253 
22.550914 
30.415818 
12.092956 
17.749279 
11.146546 
11.673832 
21.263859 
26.754124 
2016.764969 
812.321543 
14.181070 
11.725595 
18.767557 
92.608567 
15.555153 
17.991998 
13.656018 
19.224508 
11.725595 
10.766828 
26.247038 
11.239304 
15.728033 
11.459375 
20.082800 
13.481748 
18.296465 
20.954787 
14.197787 
11.137982 
15.480701 
16.901926 
12.204604 
13.624585 
12.496668 
19.521045 
25.443354 
17.640743 
25.646253 
22.550914 
30.415818 
12.092956 
17.749279 
11.146546 
11.673832 
21.263859 
26.754124 
2016.764969 
812.321543 
14.181070 
11.725595 
18.767557 
92.608567 
15.555153 
17.991998 
13.656018 
19.224508 
11.725595 
10.766828 
26.247038 
11.239304 
15.728033 
11.459375 
20.082800 
13.481748 
18.296465 
20.954787 
14.197787 
11.137982 
15.480701 
16.901926 
12.204604 
13.624585 
12.496668 
19.521045 
25.443354 
17.640743 
25.646253 
22.550914 
30.415818 
12.092956 
17.749279 
11.146546 
11.673832 
21.263859 
26.754124 
2016.764969 
812.321543 
14.181070 
11.725595 
18.767557 
92.608567 
15.555153 
17.991998 
13.656018 
19.224508 
11.725595 
10.766828 
26.247038 
11.239304 
15.728033 
11.459375 
20.082800 
13.481748 
18.296465 
20.954787 
14.197787 
11.137982 
15.480701 
16.901926 
12.204604 
13.624585 
12.496668 
19.521045 
25.443354 
17.640743 
25.646253 
22.550914 
30.415818 
12.092956 
17.749279 
11.146546 
11.673832 
21.263859 
26.754124 
