2098.521151 
826.797873 
20.591466 
21.457142 
23.550161 
118.755999 
22.075060 
17.327656 
26.454534 
26.611757 
21.457142 
11.724495 
54.439367 
22.560184 
26.215669 
22.800172 
35.126595 
37.738669 
22.270850 
12.355914 
19.608726 
10.818587 
13.117364 
15.779727 
18.119608 
10.203841 
11.793724 
19.934747 
20.876924 
16.024427 
16.822836 
15.332749 
11.494663 
19.366530 
9.555473 
18.771775 
13.802279 
20.801434 
18.714182 
2098.521151 
826.797873 
20.591466 
21.457142 
23.550161 
118.755999 
22.075060 
17.327656 
26.454534 
26.611757 
21.457142 
11.724495 
54.439367 
22.560184 
26.215669 
22.800172 
35.126595 
37.738669 
22.270850 
12.355914 
19.608726 
10.818587 
13.117364 
15.779727 
18.119608 
10.203841 
11.793724 
19.934747 
20.876924 
16.024427 
16.822836 
15.332749 
11.494663 
19.366530 
9.555473 
18.771775 
13.802279 
20.801434 
18.714182 
2098.521151 
826.797873 
20.591466 
21.457142 
23.550161 
118.755999 
22.075060 
17.327656 
26.454534 
26.611757 
21.457142 
11.724495 
54.439367 
22.560184 
26.215669 
22.800172 
35.126595 
37.738669 
22.270850 
12.355914 
19.608726 
10.818587 
13.117364 
15.779727 
18.119608 
10.203841 
11.793724 
19.934747 
20.876924 
16.024427 
16.822836 
15.332749 
11.494663 
19.366530 
9.555473 
18.771775 
13.802279 
20.801434 
18.714182 
2098.521151 
826.797873 
20.591466 
21.457142 
23.550161 
118.755999 
22.075060 
17.327656 
26.454534 
26.611757 
21.457142 
11.724495 
54.439367 
22.560184 
26.215669 
22.800172 
35.126595 
37.738669 
22.270850 
12.355914 
19.608726 
10.818587 
13.117364 
15.779727 
18.119608 
10.203841 
11.793724 
19.934747 
20.876924 
16.024427 
16.822836 
15.332749 
11.494663 
19.366530 
9.555473 
18.771775 
13.802279 
20.801434 
18.714182 
2098.521151 
826.797873 
20.591466 
21.457142 
23.550161 
118.755999 
22.075060 
17.327656 
26.454534 
26.611757 
21.457142 
11.724495 
54.439367 
22.560184 
26.215669 
22.800172 
35.126595 
37.738669 
22.270850 
12.355914 
19.608726 
10.818587 
13.117364 
15.779727 
18.119608 
10.203841 
11.793724 
19.934747 
20.876924 
16.024427 
16.822836 
15.332749 
11.494663 
19.366530 
9.555473 
18.771775 
13.802279 
20.801434 
18.714182 
