2059.061779 
806.831253 
19.917794 
27.257985 
20.780397 
90.548074 
33.604881 
20.529998 
26.679836 
17.010625 
27.257985 
17.431524 
31.629784 
25.514891 
18.907756 
10.300450 
22.885511 
22.365826 
20.277618 
12.675872 
9.558913 
10.879080 
36.956794 
24.721837 
13.356990 
14.360112 
35.974270 
11.637490 
36.949854 
31.432452 
18.307388 
35.743947 
22.007596 
18.167121 
16.748179 
20.260224 
15.771332 
21.807124 
23.048100 
2059.061779 
806.831253 
19.917794 
27.257985 
20.780397 
90.548074 
33.604881 
20.529998 
26.679836 
17.010625 
27.257985 
17.431524 
31.629784 
25.514891 
18.907756 
10.300450 
22.885511 
22.365826 
20.277618 
12.675872 
9.558913 
10.879080 
36.956794 
24.721837 
13.356990 
14.360112 
35.974270 
11.637490 
36.949854 
31.432452 
18.307388 
35.743947 
22.007596 
18.167121 
16.748179 
20.260224 
15.771332 
21.807124 
23.048100 
2059.061779 
806.831253 
19.917794 
27.257985 
20.780397 
90.548074 
33.604881 
20.529998 
26.679836 
17.010625 
27.257985 
17.431524 
31.629784 
25.514891 
18.907756 
10.300450 
22.885511 
22.365826 
20.277618 
12.675872 
9.558913 
10.879080 
36.956794 
24.721837 
13.356990 
14.360112 
35.974270 
11.637490 
36.949854 
31.432452 
18.307388 
35.743947 
22.007596 
18.167121 
16.748179 
20.260224 
15.771332 
21.807124 
23.048100 
2059.061779 
806.831253 
19.917794 
27.257985 
20.780397 
90.548074 
33.604881 
20.529998 
26.679836 
17.010625 
27.257985 
17.431524 
31.629784 
25.514891 
18.907756 
10.300450 
22.885511 
22.365826 
20.277618 
12.675872 
9.558913 
10.879080 
36.956794 
24.721837 
13.356990 
14.360112 
35.974270 
11.637490 
36.949854 
31.432452 
18.307388 
35.743947 
22.007596 
18.167121 
16.748179 
20.260224 
15.771332 
21.807124 
23.048100 
2059.061779 
806.831253 
19.917794 
27.257985 
20.780397 
90.548074 
33.604881 
20.529998 
26.679836 
17.010625 
27.257985 
17.431524 
31.629784 
25.514891 
18.907756 
10.300450 
22.885511 
22.365826 
20.277618 
12.675872 
9.558913 
10.879080 
36.956794 
24.721837 
13.356990 
14.360112 
35.974270 
11.637490 
36.949854 
31.432452 
18.307388 
35.743947 
22.007596 
18.167121 
16.748179 
20.260224 
15.771332 
21.807124 
23.048100 
