2030.288579 
800.918542 
20.484648 
20.695258 
20.856901 
74.532555 
25.552189 
17.477665 
31.560535 
17.201274 
20.695258 
17.244537 
34.642792 
19.683522 
16.162300 
17.171887 
15.366231 
18.115706 
16.912561 
21.973223 
19.399686 
10.398932 
9.858106 
19.760016 
13.712235 
9.508843 
24.936357 
40.940399 
24.447152 
29.778166 
28.874100 
24.864447 
34.658647 
18.826589 
21.120042 
20.564505 
19.081212 
29.669067 
19.424337 
2030.288579 
800.918542 
20.484648 
20.695258 
20.856901 
74.532555 
25.552189 
17.477665 
31.560535 
17.201274 
20.695258 
17.244537 
34.642792 
19.683522 
16.162300 
17.171887 
15.366231 
18.115706 
16.912561 
21.973223 
19.399686 
10.398932 
9.858106 
19.760016 
13.712235 
9.508843 
24.936357 
40.940399 
24.447152 
29.778166 
28.874100 
24.864447 
34.658647 
18.826589 
21.120042 
20.564505 
19.081212 
29.669067 
19.424337 
2030.288579 
800.918542 
20.484648 
20.695258 
20.856901 
74.532555 
25.552189 
17.477665 
31.560535 
17.201274 
20.695258 
17.244537 
34.642792 
19.683522 
16.162300 
17.171887 
15.366231 
18.115706 
16.912561 
21.973223 
19.399686 
10.398932 
9.858106 
19.760016 
13.712235 
9.508843 
24.936357 
40.940399 
24.447152 
29.778166 
28.874100 
24.864447 
34.658647 
18.826589 
21.120042 
20.564505 
19.081212 
29.669067 
19.424337 
2030.288579 
800.918542 
20.484648 
20.695258 
20.856901 
74.532555 
25.552189 
17.477665 
31.560535 
17.201274 
20.695258 
17.244537 
34.642792 
19.683522 
16.162300 
17.171887 
15.366231 
18.115706 
16.912561 
21.973223 
19.399686 
10.398932 
9.858106 
19.760016 
13.712235 
9.508843 
24.936357 
40.940399 
24.447152 
29.778166 
28.874100 
24.864447 
34.658647 
18.826589 
21.120042 
20.564505 
19.081212 
29.669067 
19.424337 
2030.288579 
800.918542 
20.484648 
20.695258 
20.856901 
74.532555 
25.552189 
17.477665 
31.560535 
17.201274 
20.695258 
17.244537 
34.642792 
19.683522 
16.162300 
17.171887 
15.366231 
18.115706 
16.912561 
21.973223 
19.399686 
10.398932 
9.858106 
19.760016 
13.712235 
9.508843 
24.936357 
40.940399 
24.447152 
29.778166 
28.874100 
24.864447 
34.658647 
18.826589 
21.120042 
20.564505 
19.081212 
29.669067 
19.424337 
