1973.648703 
781.276904 
18.487836 
22.388572 
19.631860 
90.322390 
33.493363 
17.337071 
26.954607 
13.593217 
22.388572 
22.365905 
45.422524 
22.506441 
26.119271 
13.385595 
27.695578 
29.909773 
21.742492 
12.076792 
26.724417 
16.823284 
28.107849 
17.521230 
12.555748 
25.166231 
28.085446 
31.899481 
30.662850 
17.289348 
33.198947 
34.816127 
19.100311 
15.081533 
29.491723 
21.957899 
17.282220 
28.196677 
24.550098 
1973.648703 
781.276904 
18.487836 
22.388572 
19.631860 
90.322390 
33.493363 
17.337071 
26.954607 
13.593217 
22.388572 
22.365905 
45.422524 
22.506441 
26.119271 
13.385595 
27.695578 
29.909773 
21.742492 
12.076792 
26.724417 
16.823284 
28.107849 
17.521230 
12.555748 
25.166231 
28.085446 
31.899481 
30.662850 
17.289348 
33.198947 
34.816127 
19.100311 
15.081533 
29.491723 
21.957899 
17.282220 
28.196677 
24.550098 
1973.648703 
781.276904 
18.487836 
22.388572 
19.631860 
90.322390 
33.493363 
17.337071 
26.954607 
13.593217 
22.388572 
22.365905 
45.422524 
22.506441 
26.119271 
13.385595 
27.695578 
29.909773 
21.742492 
12.076792 
26.724417 
16.823284 
28.107849 
17.521230 
12.555748 
25.166231 
28.085446 
31.899481 
30.662850 
17.289348 
33.198947 
34.816127 
19.100311 
15.081533 
29.491723 
21.957899 
17.282220 
28.196677 
24.550098 
1973.648703 
781.276904 
18.487836 
22.388572 
19.631860 
90.322390 
33.493363 
17.337071 
26.954607 
13.593217 
22.388572 
22.365905 
45.422524 
22.506441 
26.119271 
13.385595 
27.695578 
29.909773 
21.742492 
12.076792 
26.724417 
16.823284 
28.107849 
17.521230 
12.555748 
25.166231 
28.085446 
31.899481 
30.662850 
17.289348 
33.198947 
34.816127 
19.100311 
15.081533 
29.491723 
21.957899 
17.282220 
28.196677 
24.550098 
1973.648703 
781.276904 
18.487836 
22.388572 
19.631860 
90.322390 
33.493363 
17.337071 
26.954607 
13.593217 
22.388572 
22.365905 
45.422524 
22.506441 
26.119271 
13.385595 
27.695578 
29.909773 
21.742492 
12.076792 
26.724417 
16.823284 
28.107849 
17.521230 
12.555748 
25.166231 
28.085446 
31.899481 
30.662850 
17.289348 
33.198947 
34.816127 
19.100311 
15.081533 
29.491723 
21.957899 
17.282220 
28.196677 
24.550098 
