2100.309492 
819.405625 
15.498612 
17.245454 
21.233863 
95.408149 
26.607165 
18.656345 
14.814455 
13.167806 
17.245454 
11.523119 
44.905428 
14.454693 
22.099432 
9.395760 
20.217408 
24.657263 
15.568476 
22.436491 
26.090778 
16.544265 
20.427259 
10.480810 
14.948314 
13.328098 
28.704536 
30.202415 
19.606201 
19.878046 
22.258153 
25.403552 
15.873611 
13.892931 
11.756071 
22.460144 
17.233134 
23.707429 
27.203980 
2100.309492 
819.405625 
15.498612 
17.245454 
21.233863 
95.408149 
26.607165 
18.656345 
14.814455 
13.167806 
17.245454 
11.523119 
44.905428 
14.454693 
22.099432 
9.395760 
20.217408 
24.657263 
15.568476 
22.436491 
26.090778 
16.544265 
20.427259 
10.480810 
14.948314 
13.328098 
28.704536 
30.202415 
19.606201 
19.878046 
22.258153 
25.403552 
15.873611 
13.892931 
11.756071 
22.460144 
17.233134 
23.707429 
27.203980 
2100.309492 
819.405625 
15.498612 
17.245454 
21.233863 
95.408149 
26.607165 
18.656345 
14.814455 
13.167806 
17.245454 
11.523119 
44.905428 
14.454693 
22.099432 
9.395760 
20.217408 
24.657263 
15.568476 
22.436491 
26.090778 
16.544265 
20.427259 
10.480810 
14.948314 
13.328098 
28.704536 
30.202415 
19.606201 
19.878046 
22.258153 
25.403552 
15.873611 
13.892931 
11.756071 
22.460144 
17.233134 
23.707429 
27.203980 
2100.309492 
819.405625 
15.498612 
17.245454 
21.233863 
95.408149 
26.607165 
18.656345 
14.814455 
13.167806 
17.245454 
11.523119 
44.905428 
14.454693 
22.099432 
9.395760 
20.217408 
24.657263 
15.568476 
22.436491 
26.090778 
16.544265 
20.427259 
10.480810 
14.948314 
13.328098 
28.704536 
30.202415 
19.606201 
19.878046 
22.258153 
25.403552 
15.873611 
13.892931 
11.756071 
22.460144 
17.233134 
23.707429 
27.203980 
2100.309492 
819.405625 
15.498612 
17.245454 
21.233863 
95.408149 
26.607165 
18.656345 
14.814455 
13.167806 
17.245454 
11.523119 
44.905428 
14.454693 
22.099432 
9.395760 
20.217408 
24.657263 
15.568476 
22.436491 
26.090778 
16.544265 
20.427259 
10.480810 
14.948314 
13.328098 
28.704536 
30.202415 
19.606201 
19.878046 
22.258153 
25.403552 
15.873611 
13.892931 
11.756071 
22.460144 
17.233134 
23.707429 
27.203980 
