1984.565571 
784.142942 
18.690911 
26.365628 
22.203051 
61.263913 
35.150341 
21.239360 
22.062497 
14.748666 
26.365628 
16.974299 
20.458467 
15.293903 
17.349428 
12.303141 
26.358285 
22.557331 
22.932522 
15.227588 
27.673475 
16.046177 
14.382765 
7.601302 
16.385546 
21.583264 
23.848505 
29.002547 
32.713090 
29.804500 
33.220576 
30.452405 
20.923316 
16.348851 
12.336251 
22.394585 
16.574483 
27.759553 
18.103876 
1984.565571 
784.142942 
18.690911 
26.365628 
22.203051 
61.263913 
35.150341 
21.239360 
22.062497 
14.748666 
26.365628 
16.974299 
20.458467 
15.293903 
17.349428 
12.303141 
26.358285 
22.557331 
22.932522 
15.227588 
27.673475 
16.046177 
14.382765 
7.601302 
16.385546 
21.583264 
23.848505 
29.002547 
32.713090 
29.804500 
33.220576 
30.452405 
20.923316 
16.348851 
12.336251 
22.394585 
16.574483 
27.759553 
18.103876 
1984.565571 
784.142942 
18.690911 
26.365628 
22.203051 
61.263913 
35.150341 
21.239360 
22.062497 
14.748666 
26.365628 
16.974299 
20.458467 
15.293903 
17.349428 
12.303141 
26.358285 
22.557331 
22.932522 
15.227588 
27.673475 
16.046177 
14.382765 
7.601302 
16.385546 
21.583264 
23.848505 
29.002547 
32.713090 
29.804500 
33.220576 
30.452405 
20.923316 
16.348851 
12.336251 
22.394585 
16.574483 
27.759553 
18.103876 
1984.565571 
784.142942 
18.690911 
26.365628 
22.203051 
61.263913 
35.150341 
21.239360 
22.062497 
14.748666 
26.365628 
16.974299 
20.458467 
15.293903 
17.349428 
12.303141 
26.358285 
22.557331 
22.932522 
15.227588 
27.673475 
16.046177 
14.382765 
7.601302 
16.385546 
21.583264 
23.848505 
29.002547 
32.713090 
29.804500 
33.220576 
30.452405 
20.923316 
16.348851 
12.336251 
22.394585 
16.574483 
27.759553 
18.103876 
1984.565571 
784.142942 
18.690911 
26.365628 
22.203051 
61.263913 
35.150341 
21.239360 
22.062497 
14.748666 
26.365628 
16.974299 
20.458467 
15.293903 
17.349428 
12.303141 
26.358285 
22.557331 
22.932522 
15.227588 
27.673475 
16.046177 
14.382765 
7.601302 
16.385546 
21.583264 
23.848505 
29.002547 
32.713090 
29.804500 
33.220576 
30.452405 
20.923316 
16.348851 
12.336251 
22.394585 
16.574483 
27.759553 
18.103876 
