1977.316727 
790.908585 
19.001930 
22.332244 
22.738950 
101.646475 
28.129082 
25.374686 
24.838171 
15.177831 
22.332244 
16.694569 
31.655445 
20.520382 
16.713040 
15.512639 
20.072657 
17.566500 
24.335121 
14.626793 
21.702052 
10.335403 
26.159085 
17.134029 
9.240692 
17.138928 
32.441257 
31.767868 
22.770399 
33.140126 
40.175498 
38.095735 
29.815775 
16.702620 
25.203944 
27.360618 
20.989460 
24.223960 
23.095509 
1977.316727 
790.908585 
19.001930 
22.332244 
22.738950 
101.646475 
28.129082 
25.374686 
24.838171 
15.177831 
22.332244 
16.694569 
31.655445 
20.520382 
16.713040 
15.512639 
20.072657 
17.566500 
24.335121 
14.626793 
21.702052 
10.335403 
26.159085 
17.134029 
9.240692 
17.138928 
32.441257 
31.767868 
22.770399 
33.140126 
40.175498 
38.095735 
29.815775 
16.702620 
25.203944 
27.360618 
20.989460 
24.223960 
23.095509 
1977.316727 
790.908585 
19.001930 
22.332244 
22.738950 
101.646475 
28.129082 
25.374686 
24.838171 
15.177831 
22.332244 
16.694569 
31.655445 
20.520382 
16.713040 
15.512639 
20.072657 
17.566500 
24.335121 
14.626793 
21.702052 
10.335403 
26.159085 
17.134029 
9.240692 
17.138928 
32.441257 
31.767868 
22.770399 
33.140126 
40.175498 
38.095735 
29.815775 
16.702620 
25.203944 
27.360618 
20.989460 
24.223960 
23.095509 
1977.316727 
790.908585 
19.001930 
22.332244 
22.738950 
101.646475 
28.129082 
25.374686 
24.838171 
15.177831 
22.332244 
16.694569 
31.655445 
20.520382 
16.713040 
15.512639 
20.072657 
17.566500 
24.335121 
14.626793 
21.702052 
10.335403 
26.159085 
17.134029 
9.240692 
17.138928 
32.441257 
31.767868 
22.770399 
33.140126 
40.175498 
38.095735 
29.815775 
16.702620 
25.203944 
27.360618 
20.989460 
24.223960 
23.095509 
1977.316727 
790.908585 
19.001930 
22.332244 
22.738950 
101.646475 
28.129082 
25.374686 
24.838171 
15.177831 
22.332244 
16.694569 
31.655445 
20.520382 
16.713040 
15.512639 
20.072657 
17.566500 
24.335121 
14.626793 
21.702052 
10.335403 
26.159085 
17.134029 
9.240692 
17.138928 
32.441257 
31.767868 
22.770399 
33.140126 
40.175498 
38.095735 
29.815775 
16.702620 
25.203944 
27.360618 
20.989460 
24.223960 
23.095509 
