2011.768453 
802.915164 
17.309161 
23.217656 
19.977186 
101.871198 
33.484950 
18.103717 
24.134623 
12.929977 
23.217656 
12.960698 
27.930699 
10.494211 
18.645048 
16.925387 
13.389455 
17.440021 
18.178685 
18.601219 
21.321005 
13.406355 
28.362509 
17.665644 
10.491377 
23.015785 
36.176687 
24.983559 
33.986664 
26.521103 
31.810854 
40.209730 
25.787514 
15.174963 
15.714712 
25.817765 
17.030760 
23.000523 
24.018103 
2011.768453 
802.915164 
17.309161 
23.217656 
19.977186 
101.871198 
33.484950 
18.103717 
24.134623 
12.929977 
23.217656 
12.960698 
27.930699 
10.494211 
18.645048 
16.925387 
13.389455 
17.440021 
18.178685 
18.601219 
21.321005 
13.406355 
28.362509 
17.665644 
10.491377 
23.015785 
36.176687 
24.983559 
33.986664 
26.521103 
31.810854 
40.209730 
25.787514 
15.174963 
15.714712 
25.817765 
17.030760 
23.000523 
24.018103 
2011.768453 
802.915164 
17.309161 
23.217656 
19.977186 
101.871198 
33.484950 
18.103717 
24.134623 
12.929977 
23.217656 
12.960698 
27.930699 
10.494211 
18.645048 
16.925387 
13.389455 
17.440021 
18.178685 
18.601219 
21.321005 
13.406355 
28.362509 
17.665644 
10.491377 
23.015785 
36.176687 
24.983559 
33.986664 
26.521103 
31.810854 
40.209730 
25.787514 
15.174963 
15.714712 
25.817765 
17.030760 
23.000523 
24.018103 
2011.768453 
802.915164 
17.309161 
23.217656 
19.977186 
101.871198 
33.484950 
18.103717 
24.134623 
12.929977 
23.217656 
12.960698 
27.930699 
10.494211 
18.645048 
16.925387 
13.389455 
17.440021 
18.178685 
18.601219 
21.321005 
13.406355 
28.362509 
17.665644 
10.491377 
23.015785 
36.176687 
24.983559 
33.986664 
26.521103 
31.810854 
40.209730 
25.787514 
15.174963 
15.714712 
25.817765 
17.030760 
23.000523 
24.018103 
2011.768453 
802.915164 
17.309161 
23.217656 
19.977186 
101.871198 
33.484950 
18.103717 
24.134623 
12.929977 
23.217656 
12.960698 
27.930699 
10.494211 
18.645048 
16.925387 
13.389455 
17.440021 
18.178685 
18.601219 
21.321005 
13.406355 
28.362509 
17.665644 
10.491377 
23.015785 
36.176687 
24.983559 
33.986664 
26.521103 
31.810854 
40.209730 
25.787514 
15.174963 
15.714712 
25.817765 
17.030760 
23.000523 
24.018103 
