2039.783069 
817.501388 
21.056229 
23.843448 
23.837865 
98.080329 
27.279086 
15.687753 
31.011159 
15.376934 
23.843448 
15.742417 
36.430438 
21.695885 
20.589345 
14.397671 
23.799600 
12.425466 
13.790326 
9.033469 
20.676775 
12.515547 
26.216410 
18.074205 
13.381332 
26.323802 
44.796178 
37.642394 
40.683827 
38.055823 
38.780053 
35.794006 
39.582320 
20.288694 
41.248589 
22.094774 
25.605376 
34.490511 
25.299274 
2039.783069 
817.501388 
21.056229 
23.843448 
23.837865 
98.080329 
27.279086 
15.687753 
31.011159 
15.376934 
23.843448 
15.742417 
36.430438 
21.695885 
20.589345 
14.397671 
23.799600 
12.425466 
13.790326 
9.033469 
20.676775 
12.515547 
26.216410 
18.074205 
13.381332 
26.323802 
44.796178 
37.642394 
40.683827 
38.055823 
38.780053 
35.794006 
39.582320 
20.288694 
41.248589 
22.094774 
25.605376 
34.490511 
25.299274 
2039.783069 
817.501388 
21.056229 
23.843448 
23.837865 
98.080329 
27.279086 
15.687753 
31.011159 
15.376934 
23.843448 
15.742417 
36.430438 
21.695885 
20.589345 
14.397671 
23.799600 
12.425466 
13.790326 
9.033469 
20.676775 
12.515547 
26.216410 
18.074205 
13.381332 
26.323802 
44.796178 
37.642394 
40.683827 
38.055823 
38.780053 
35.794006 
39.582320 
20.288694 
41.248589 
22.094774 
25.605376 
34.490511 
25.299274 
2039.783069 
817.501388 
21.056229 
23.843448 
23.837865 
98.080329 
27.279086 
15.687753 
31.011159 
15.376934 
23.843448 
15.742417 
36.430438 
21.695885 
20.589345 
14.397671 
23.799600 
12.425466 
13.790326 
9.033469 
20.676775 
12.515547 
26.216410 
18.074205 
13.381332 
26.323802 
44.796178 
37.642394 
40.683827 
38.055823 
38.780053 
35.794006 
39.582320 
20.288694 
41.248589 
22.094774 
25.605376 
34.490511 
25.299274 
2039.783069 
817.501388 
21.056229 
23.843448 
23.837865 
98.080329 
27.279086 
15.687753 
31.011159 
15.376934 
23.843448 
15.742417 
36.430438 
21.695885 
20.589345 
14.397671 
23.799600 
12.425466 
13.790326 
9.033469 
20.676775 
12.515547 
26.216410 
18.074205 
13.381332 
26.323802 
44.796178 
37.642394 
40.683827 
38.055823 
38.780053 
35.794006 
39.582320 
20.288694 
41.248589 
22.094774 
25.605376 
34.490511 
25.299274 
