2016.829605 
790.155693 
18.784615 
18.410740 
22.445057 
99.875608 
26.308627 
20.553514 
33.088891 
16.791175 
18.410740 
18.964138 
35.923904 
15.318731 
11.227216 
13.820392 
28.370107 
22.662835 
20.413183 
15.384531 
20.988342 
13.537308 
16.281804 
24.155548 
13.539026 
15.786146 
24.031805 
25.604959 
39.086942 
20.662454 
30.641631 
26.394934 
30.227876 
14.811001 
20.057998 
26.443850 
17.153740 
24.650394 
22.655392 
2016.829605 
790.155693 
18.784615 
18.410740 
22.445057 
99.875608 
26.308627 
20.553514 
33.088891 
16.791175 
18.410740 
18.964138 
35.923904 
15.318731 
11.227216 
13.820392 
28.370107 
22.662835 
20.413183 
15.384531 
20.988342 
13.537308 
16.281804 
24.155548 
13.539026 
15.786146 
24.031805 
25.604959 
39.086942 
20.662454 
30.641631 
26.394934 
30.227876 
14.811001 
20.057998 
26.443850 
17.153740 
24.650394 
22.655392 
2016.829605 
790.155693 
18.784615 
18.410740 
22.445057 
99.875608 
26.308627 
20.553514 
33.088891 
16.791175 
18.410740 
18.964138 
35.923904 
15.318731 
11.227216 
13.820392 
28.370107 
22.662835 
20.413183 
15.384531 
20.988342 
13.537308 
16.281804 
24.155548 
13.539026 
15.786146 
24.031805 
25.604959 
39.086942 
20.662454 
30.641631 
26.394934 
30.227876 
14.811001 
20.057998 
26.443850 
17.153740 
24.650394 
22.655392 
2016.829605 
790.155693 
18.784615 
18.410740 
22.445057 
99.875608 
26.308627 
20.553514 
33.088891 
16.791175 
18.410740 
18.964138 
35.923904 
15.318731 
11.227216 
13.820392 
28.370107 
22.662835 
20.413183 
15.384531 
20.988342 
13.537308 
16.281804 
24.155548 
13.539026 
15.786146 
24.031805 
25.604959 
39.086942 
20.662454 
30.641631 
26.394934 
30.227876 
14.811001 
20.057998 
26.443850 
17.153740 
24.650394 
22.655392 
2016.829605 
790.155693 
18.784615 
18.410740 
22.445057 
99.875608 
26.308627 
20.553514 
33.088891 
16.791175 
18.410740 
18.964138 
35.923904 
15.318731 
11.227216 
13.820392 
28.370107 
22.662835 
20.413183 
15.384531 
20.988342 
13.537308 
16.281804 
24.155548 
13.539026 
15.786146 
24.031805 
25.604959 
39.086942 
20.662454 
30.641631 
26.394934 
30.227876 
14.811001 
20.057998 
26.443850 
17.153740 
24.650394 
22.655392 
