1984.565571 
784.142942 
18.690911 
26.365628 
22.203051 
61.263913 
35.150341 
21.239360 
22.062497 
14.748666 
26.365628 
16.974299 
20.458467 
15.293903 
17.349428 
12.303141 
26.358285 
22.557331 
22.932522 
15.227588 
27.673475 
16.046177 
14.382765 
7.601302 
16.385546 
21.583264 
23.848505 
29.002547 
32.713090 
29.804500 
33.220576 
30.452405 
20.923316 
16.348851 
12.336251 
22.394585 
16.574483 
27.759553 
18.103876 
1971.602196 
792.547276 
17.444194 
25.217446 
20.387617 
78.126509 
24.229792 
18.736941 
22.232969 
14.779527 
25.217446 
21.106348 
26.523585 
16.052777 
23.919085 
16.719041 
20.403724 
17.162914 
14.999099 
15.767193 
17.622226 
16.679175 
30.160112 
17.292736 
8.606563 
9.781910 
28.545653 
30.710327 
31.366067 
28.731261 
39.378156 
39.515031 
30.832784 
14.848974 
25.280930 
29.380806 
18.802351 
26.807034 
24.409826 
1971.602196 
792.547276 
17.444194 
25.217446 
20.387617 
78.126509 
24.229792 
18.736941 
22.232969 
14.779527 
25.217446 
21.106348 
26.523585 
16.052777 
23.919085 
16.719041 
20.403724 
17.162914 
14.999099 
15.767193 
17.622226 
16.679175 
30.160112 
17.292736 
8.606563 
9.781910 
28.545653 
30.710327 
31.366067 
28.731261 
39.378156 
39.515031 
30.832784 
14.848974 
25.280930 
29.380806 
18.802351 
26.807034 
24.409826 
1971.602196 
792.547276 
17.444194 
25.217446 
20.387617 
78.126509 
24.229792 
18.736941 
22.232969 
14.779527 
25.217446 
21.106348 
26.523585 
16.052777 
23.919085 
16.719041 
20.403724 
17.162914 
14.999099 
15.767193 
17.622226 
16.679175 
30.160112 
17.292736 
8.606563 
9.781910 
28.545653 
30.710327 
31.366067 
28.731261 
39.378156 
39.515031 
30.832784 
14.848974 
25.280930 
29.380806 
18.802351 
26.807034 
24.409826 
1971.602196 
792.547276 
17.444194 
25.217446 
20.387617 
78.126509 
24.229792 
18.736941 
22.232969 
14.779527 
25.217446 
21.106348 
26.523585 
16.052777 
23.919085 
16.719041 
20.403724 
17.162914 
14.999099 
15.767193 
17.622226 
16.679175 
30.160112 
17.292736 
8.606563 
9.781910 
28.545653 
30.710327 
31.366067 
28.731261 
39.378156 
39.515031 
30.832784 
14.848974 
25.280930 
29.380806 
18.802351 
26.807034 
24.409826 
