1967.428534 
777.980641 
17.733635 
20.234685 
18.486436 
72.160801 
28.037864 
21.027047 
26.063220 
11.979335 
20.234685 
20.817174 
30.121295 
16.533702 
16.199266 
9.655198 
14.725148 
16.615514 
11.279791 
15.503755 
25.593801 
14.189005 
23.352928 
24.346365 
10.437188 
24.123225 
25.044456 
30.093451 
23.726666 
39.477248 
36.778884 
35.347321 
28.454632 
13.980852 
23.226792 
20.936722 
15.922689 
22.983292 
27.031567 
1967.428534 
777.980641 
17.733635 
20.234685 
18.486436 
72.160801 
28.037864 
21.027047 
26.063220 
11.979335 
20.234685 
20.817174 
30.121295 
16.533702 
16.199266 
9.655198 
14.725148 
16.615514 
11.279791 
15.503755 
25.593801 
14.189005 
23.352928 
24.346365 
10.437188 
24.123225 
25.044456 
30.093451 
23.726666 
39.477248 
36.778884 
35.347321 
28.454632 
13.980852 
23.226792 
20.936722 
15.922689 
22.983292 
27.031567 
1967.428534 
777.980641 
17.733635 
20.234685 
18.486436 
72.160801 
28.037864 
21.027047 
26.063220 
11.979335 
20.234685 
20.817174 
30.121295 
16.533702 
16.199266 
9.655198 
14.725148 
16.615514 
11.279791 
15.503755 
25.593801 
14.189005 
23.352928 
24.346365 
10.437188 
24.123225 
25.044456 
30.093451 
23.726666 
39.477248 
36.778884 
35.347321 
28.454632 
13.980852 
23.226792 
20.936722 
15.922689 
22.983292 
27.031567 
1967.428534 
777.980641 
17.733635 
20.234685 
18.486436 
72.160801 
28.037864 
21.027047 
26.063220 
11.979335 
20.234685 
20.817174 
30.121295 
16.533702 
16.199266 
9.655198 
14.725148 
16.615514 
11.279791 
15.503755 
25.593801 
14.189005 
23.352928 
24.346365 
10.437188 
24.123225 
25.044456 
30.093451 
23.726666 
39.477248 
36.778884 
35.347321 
28.454632 
13.980852 
23.226792 
20.936722 
15.922689 
22.983292 
27.031567 
1967.428534 
777.980641 
17.733635 
20.234685 
18.486436 
72.160801 
28.037864 
21.027047 
26.063220 
11.979335 
20.234685 
20.817174 
30.121295 
16.533702 
16.199266 
9.655198 
14.725148 
16.615514 
11.279791 
15.503755 
25.593801 
14.189005 
23.352928 
24.346365 
10.437188 
24.123225 
25.044456 
30.093451 
23.726666 
39.477248 
36.778884 
35.347321 
28.454632 
13.980852 
23.226792 
20.936722 
15.922689 
22.983292 
27.031567 
