2007.651817 
790.205435 
19.393268 
23.604687 
20.086442 
63.178700 
28.977834 
11.798616 
22.790518 
11.537578 
23.604687 
23.091079 
47.100296 
13.801967 
25.055768 
11.216044 
20.420220 
26.715552 
18.958901 
13.755014 
17.870479 
17.464067 
33.540477 
15.710997 
13.180076 
28.966801 
36.951906 
19.319202 
28.119743 
20.610144 
23.617698 
31.570827 
17.858788 
14.869391 
19.241646 
13.689635 
13.834511 
22.322064 
21.585450 
2007.651817 
790.205435 
19.393268 
23.604687 
20.086442 
63.178700 
28.977834 
11.798616 
22.790518 
11.537578 
23.604687 
23.091079 
47.100296 
13.801967 
25.055768 
11.216044 
20.420220 
26.715552 
18.958901 
13.755014 
17.870479 
17.464067 
33.540477 
15.710997 
13.180076 
28.966801 
36.951906 
19.319202 
28.119743 
20.610144 
23.617698 
31.570827 
17.858788 
14.869391 
19.241646 
13.689635 
13.834511 
22.322064 
21.585450 
2007.651817 
790.205435 
19.393268 
23.604687 
20.086442 
63.178700 
28.977834 
11.798616 
22.790518 
11.537578 
23.604687 
23.091079 
47.100296 
13.801967 
25.055768 
11.216044 
20.420220 
26.715552 
18.958901 
13.755014 
17.870479 
17.464067 
33.540477 
15.710997 
13.180076 
28.966801 
36.951906 
19.319202 
28.119743 
20.610144 
23.617698 
31.570827 
17.858788 
14.869391 
19.241646 
13.689635 
13.834511 
22.322064 
21.585450 
2007.651817 
790.205435 
19.393268 
23.604687 
20.086442 
63.178700 
28.977834 
11.798616 
22.790518 
11.537578 
23.604687 
23.091079 
47.100296 
13.801967 
25.055768 
11.216044 
20.420220 
26.715552 
18.958901 
13.755014 
17.870479 
17.464067 
33.540477 
15.710997 
13.180076 
28.966801 
36.951906 
19.319202 
28.119743 
20.610144 
23.617698 
31.570827 
17.858788 
14.869391 
19.241646 
13.689635 
13.834511 
22.322064 
21.585450 
2007.651817 
790.205435 
19.393268 
23.604687 
20.086442 
63.178700 
28.977834 
11.798616 
22.790518 
11.537578 
23.604687 
23.091079 
47.100296 
13.801967 
25.055768 
11.216044 
20.420220 
26.715552 
18.958901 
13.755014 
17.870479 
17.464067 
33.540477 
15.710997 
13.180076 
28.966801 
36.951906 
19.319202 
28.119743 
20.610144 
23.617698 
31.570827 
17.858788 
14.869391 
19.241646 
13.689635 
13.834511 
22.322064 
21.585450 
