1980.205270 
764.877651 
17.074943 
27.494969 
17.684178 
80.265816 
26.688775 
21.019512 
23.430011 
12.380558 
27.494969 
12.601632 
24.482984 
15.762255 
18.395537 
14.291820 
22.016176 
22.079337 
26.409795 
16.042359 
9.281876 
15.425541 
22.637607 
15.652773 
10.408145 
18.883793 
31.048086 
20.810328 
25.815420 
29.222854 
26.780548 
35.730581 
22.737100 
13.802449 
22.769601 
19.102857 
13.520305 
22.890359 
15.908898 
1980.205270 
764.877651 
17.074943 
27.494969 
17.684178 
80.265816 
26.688775 
21.019512 
23.430011 
12.380558 
27.494969 
12.601632 
24.482984 
15.762255 
18.395537 
14.291820 
22.016176 
22.079337 
26.409795 
16.042359 
9.281876 
15.425541 
22.637607 
15.652773 
10.408145 
18.883793 
31.048086 
20.810328 
25.815420 
29.222854 
26.780548 
35.730581 
22.737100 
13.802449 
22.769601 
19.102857 
13.520305 
22.890359 
15.908898 
1980.205270 
764.877651 
17.074943 
27.494969 
17.684178 
80.265816 
26.688775 
21.019512 
23.430011 
12.380558 
27.494969 
12.601632 
24.482984 
15.762255 
18.395537 
14.291820 
22.016176 
22.079337 
26.409795 
16.042359 
9.281876 
15.425541 
22.637607 
15.652773 
10.408145 
18.883793 
31.048086 
20.810328 
25.815420 
29.222854 
26.780548 
35.730581 
22.737100 
13.802449 
22.769601 
19.102857 
13.520305 
22.890359 
15.908898 
1980.205270 
764.877651 
17.074943 
27.494969 
17.684178 
80.265816 
26.688775 
21.019512 
23.430011 
12.380558 
27.494969 
12.601632 
24.482984 
15.762255 
18.395537 
14.291820 
22.016176 
22.079337 
26.409795 
16.042359 
9.281876 
15.425541 
22.637607 
15.652773 
10.408145 
18.883793 
31.048086 
20.810328 
25.815420 
29.222854 
26.780548 
35.730581 
22.737100 
13.802449 
22.769601 
19.102857 
13.520305 
22.890359 
15.908898 
1980.205270 
764.877651 
17.074943 
27.494969 
17.684178 
80.265816 
26.688775 
21.019512 
23.430011 
12.380558 
27.494969 
12.601632 
24.482984 
15.762255 
18.395537 
14.291820 
22.016176 
22.079337 
26.409795 
16.042359 
9.281876 
15.425541 
22.637607 
15.652773 
10.408145 
18.883793 
31.048086 
20.810328 
25.815420 
29.222854 
26.780548 
35.730581 
22.737100 
13.802449 
22.769601 
19.102857 
13.520305 
22.890359 
15.908898 
