2043.678718 
808.096540 
19.066625 
21.277057 
21.832842 
89.355967 
19.353976 
26.547670 
28.120380 
15.536074 
21.277057 
11.285703 
29.264609 
16.490703 
15.311683 
19.632454 
18.468332 
16.062203 
21.674247 
11.648587 
20.000332 
4.917622 
17.554283 
22.570499 
13.113170 
15.586756 
26.068901 
28.950940 
26.630102 
28.832803 
31.387828 
29.962232 
36.207210 
17.002889 
30.032713 
29.453492 
31.414988 
26.989355 
19.134194 
2043.678718 
808.096540 
19.066625 
21.277057 
21.832842 
89.355967 
19.353976 
26.547670 
28.120380 
15.536074 
21.277057 
11.285703 
29.264609 
16.490703 
15.311683 
19.632454 
18.468332 
16.062203 
21.674247 
11.648587 
20.000332 
4.917622 
17.554283 
22.570499 
13.113170 
15.586756 
26.068901 
28.950940 
26.630102 
28.832803 
31.387828 
29.962232 
36.207210 
17.002889 
30.032713 
29.453492 
31.414988 
26.989355 
19.134194 
2043.678718 
808.096540 
19.066625 
21.277057 
21.832842 
89.355967 
19.353976 
26.547670 
28.120380 
15.536074 
21.277057 
11.285703 
29.264609 
16.490703 
15.311683 
19.632454 
18.468332 
16.062203 
21.674247 
11.648587 
20.000332 
4.917622 
17.554283 
22.570499 
13.113170 
15.586756 
26.068901 
28.950940 
26.630102 
28.832803 
31.387828 
29.962232 
36.207210 
17.002889 
30.032713 
29.453492 
31.414988 
26.989355 
19.134194 
2043.678718 
808.096540 
19.066625 
21.277057 
21.832842 
89.355967 
19.353976 
26.547670 
28.120380 
15.536074 
21.277057 
11.285703 
29.264609 
16.490703 
15.311683 
19.632454 
18.468332 
16.062203 
21.674247 
11.648587 
20.000332 
4.917622 
17.554283 
22.570499 
13.113170 
15.586756 
26.068901 
28.950940 
26.630102 
28.832803 
31.387828 
29.962232 
36.207210 
17.002889 
30.032713 
29.453492 
31.414988 
26.989355 
19.134194 
2043.678718 
808.096540 
19.066625 
21.277057 
21.832842 
89.355967 
19.353976 
26.547670 
28.120380 
15.536074 
21.277057 
11.285703 
29.264609 
16.490703 
15.311683 
19.632454 
18.468332 
16.062203 
21.674247 
11.648587 
20.000332 
4.917622 
17.554283 
22.570499 
13.113170 
15.586756 
26.068901 
28.950940 
26.630102 
28.832803 
31.387828 
29.962232 
36.207210 
17.002889 
30.032713 
29.453492 
31.414988 
26.989355 
19.134194 
