1975.212424 
786.389862 
17.953742 
23.044829 
22.169274 
96.133450 
34.474776 
31.711726 
28.115645 
15.174834 
23.044829 
21.159378 
30.782621 
23.615255 
17.320932 
14.642016 
21.993002 
20.645901 
15.740772 
20.375216 
23.508748 
17.406385 
18.310663 
10.754054 
12.354662 
12.115174 
21.464629 
28.024208 
23.010973 
23.909068 
38.065605 
30.911441 
24.818401 
13.893948 
27.786750 
17.238941 
15.624965 
28.149394 
27.533270 
1975.212424 
786.389862 
17.953742 
23.044829 
22.169274 
96.133450 
34.474776 
31.711726 
28.115645 
15.174834 
23.044829 
21.159378 
30.782621 
23.615255 
17.320932 
14.642016 
21.993002 
20.645901 
15.740772 
20.375216 
23.508748 
17.406385 
18.310663 
10.754054 
12.354662 
12.115174 
21.464629 
28.024208 
23.010973 
23.909068 
38.065605 
30.911441 
24.818401 
13.893948 
27.786750 
17.238941 
15.624965 
28.149394 
27.533270 
1975.212424 
786.389862 
17.953742 
23.044829 
22.169274 
96.133450 
34.474776 
31.711726 
28.115645 
15.174834 
23.044829 
21.159378 
30.782621 
23.615255 
17.320932 
14.642016 
21.993002 
20.645901 
15.740772 
20.375216 
23.508748 
17.406385 
18.310663 
10.754054 
12.354662 
12.115174 
21.464629 
28.024208 
23.010973 
23.909068 
38.065605 
30.911441 
24.818401 
13.893948 
27.786750 
17.238941 
15.624965 
28.149394 
27.533270 
1975.212424 
786.389862 
17.953742 
23.044829 
22.169274 
96.133450 
34.474776 
31.711726 
28.115645 
15.174834 
23.044829 
21.159378 
30.782621 
23.615255 
17.320932 
14.642016 
21.993002 
20.645901 
15.740772 
20.375216 
23.508748 
17.406385 
18.310663 
10.754054 
12.354662 
12.115174 
21.464629 
28.024208 
23.010973 
23.909068 
38.065605 
30.911441 
24.818401 
13.893948 
27.786750 
17.238941 
15.624965 
28.149394 
27.533270 
1975.212424 
786.389862 
17.953742 
23.044829 
22.169274 
96.133450 
34.474776 
31.711726 
28.115645 
15.174834 
23.044829 
21.159378 
30.782621 
23.615255 
17.320932 
14.642016 
21.993002 
20.645901 
15.740772 
20.375216 
23.508748 
17.406385 
18.310663 
10.754054 
12.354662 
12.115174 
21.464629 
28.024208 
23.010973 
23.909068 
38.065605 
30.911441 
24.818401 
13.893948 
27.786750 
17.238941 
15.624965 
28.149394 
27.533270 
