2005.796454 
800.323450 
19.281598 
14.413564 
22.634867 
86.675051 
28.411406 
20.714547 
24.791678 
20.048843 
14.413564 
22.139477 
26.039133 
19.514070 
10.936617 
10.298133 
27.813784 
19.540294 
15.880039 
13.052396 
12.174045 
14.170755 
18.373737 
18.206302 
7.804103 
11.063023 
27.271060 
19.602970 
25.264217 
28.921468 
36.049873 
36.421042 
20.125922 
15.884810 
25.591289 
15.748828 
21.835584 
23.796544 
19.940006 
2005.796454 
800.323450 
19.281598 
14.413564 
22.634867 
86.675051 
28.411406 
20.714547 
24.791678 
20.048843 
14.413564 
22.139477 
26.039133 
19.514070 
10.936617 
10.298133 
27.813784 
19.540294 
15.880039 
13.052396 
12.174045 
14.170755 
18.373737 
18.206302 
7.804103 
11.063023 
27.271060 
19.602970 
25.264217 
28.921468 
36.049873 
36.421042 
20.125922 
15.884810 
25.591289 
15.748828 
21.835584 
23.796544 
19.940006 
2005.796454 
800.323450 
19.281598 
14.413564 
22.634867 
86.675051 
28.411406 
20.714547 
24.791678 
20.048843 
14.413564 
22.139477 
26.039133 
19.514070 
10.936617 
10.298133 
27.813784 
19.540294 
15.880039 
13.052396 
12.174045 
14.170755 
18.373737 
18.206302 
7.804103 
11.063023 
27.271060 
19.602970 
25.264217 
28.921468 
36.049873 
36.421042 
20.125922 
15.884810 
25.591289 
15.748828 
21.835584 
23.796544 
19.940006 
2005.796454 
800.323450 
19.281598 
14.413564 
22.634867 
86.675051 
28.411406 
20.714547 
24.791678 
20.048843 
14.413564 
22.139477 
26.039133 
19.514070 
10.936617 
10.298133 
27.813784 
19.540294 
15.880039 
13.052396 
12.174045 
14.170755 
18.373737 
18.206302 
7.804103 
11.063023 
27.271060 
19.602970 
25.264217 
28.921468 
36.049873 
36.421042 
20.125922 
15.884810 
25.591289 
15.748828 
21.835584 
23.796544 
19.940006 
2005.796454 
800.323450 
19.281598 
14.413564 
22.634867 
86.675051 
28.411406 
20.714547 
24.791678 
20.048843 
14.413564 
22.139477 
26.039133 
19.514070 
10.936617 
10.298133 
27.813784 
19.540294 
15.880039 
13.052396 
12.174045 
14.170755 
18.373737 
18.206302 
7.804103 
11.063023 
27.271060 
19.602970 
25.264217 
28.921468 
36.049873 
36.421042 
20.125922 
15.884810 
25.591289 
15.748828 
21.835584 
23.796544 
19.940006 
