1956.424855 
770.335578 
21.071722 
21.137358 
20.678662 
58.186950 
25.746544 
22.560589 
37.718067 
16.271819 
21.137358 
19.648621 
33.326778 
22.165452 
23.820185 
22.297375 
17.052121 
16.461019 
15.217789 
17.308286 
19.737771 
14.177846 
26.358679 
22.191584 
16.752831 
12.226818 
22.315948 
29.177011 
30.495596 
20.289205 
30.266295 
27.518705 
27.396104 
18.679212 
20.178625 
17.508158 
16.274600 
27.850620 
19.269997 
1956.424855 
770.335578 
21.071722 
21.137358 
20.678662 
58.186950 
25.746544 
22.560589 
37.718067 
16.271819 
21.137358 
19.648621 
33.326778 
22.165452 
23.820185 
22.297375 
17.052121 
16.461019 
15.217789 
17.308286 
19.737771 
14.177846 
26.358679 
22.191584 
16.752831 
12.226818 
22.315948 
29.177011 
30.495596 
20.289205 
30.266295 
27.518705 
27.396104 
18.679212 
20.178625 
17.508158 
16.274600 
27.850620 
19.269997 
1956.424855 
770.335578 
21.071722 
21.137358 
20.678662 
58.186950 
25.746544 
22.560589 
37.718067 
16.271819 
21.137358 
19.648621 
33.326778 
22.165452 
23.820185 
22.297375 
17.052121 
16.461019 
15.217789 
17.308286 
19.737771 
14.177846 
26.358679 
22.191584 
16.752831 
12.226818 
22.315948 
29.177011 
30.495596 
20.289205 
30.266295 
27.518705 
27.396104 
18.679212 
20.178625 
17.508158 
16.274600 
27.850620 
19.269997 
1956.424855 
770.335578 
21.071722 
21.137358 
20.678662 
58.186950 
25.746544 
22.560589 
37.718067 
16.271819 
21.137358 
19.648621 
33.326778 
22.165452 
23.820185 
22.297375 
17.052121 
16.461019 
15.217789 
17.308286 
19.737771 
14.177846 
26.358679 
22.191584 
16.752831 
12.226818 
22.315948 
29.177011 
30.495596 
20.289205 
30.266295 
27.518705 
27.396104 
18.679212 
20.178625 
17.508158 
16.274600 
27.850620 
19.269997 
1956.424855 
770.335578 
21.071722 
21.137358 
20.678662 
58.186950 
25.746544 
22.560589 
37.718067 
16.271819 
21.137358 
19.648621 
33.326778 
22.165452 
23.820185 
22.297375 
17.052121 
16.461019 
15.217789 
17.308286 
19.737771 
14.177846 
26.358679 
22.191584 
16.752831 
12.226818 
22.315948 
29.177011 
30.495596 
20.289205 
30.266295 
27.518705 
27.396104 
18.679212 
20.178625 
17.508158 
16.274600 
27.850620 
19.269997 
