1979.525420 
792.708840 
17.109915 
19.049626 
22.877286 
63.760459 
28.496462 
24.148177 
21.785083 
12.503526 
19.049626 
15.243276 
30.188374 
9.665183 
16.253558 
13.075340 
18.879716 
14.614008 
10.982607 
13.446323 
21.577510 
7.962300 
20.059881 
14.713933 
11.972793 
15.100132 
27.998624 
29.464218 
29.269652 
22.374647 
38.409398 
37.698522 
29.566366 
15.210381 
21.550718 
20.388295 
16.916176 
25.943006 
16.980752 
1979.525420 
792.708840 
17.109915 
19.049626 
22.877286 
63.760459 
28.496462 
24.148177 
21.785083 
12.503526 
19.049626 
15.243276 
30.188374 
9.665183 
16.253558 
13.075340 
18.879716 
14.614008 
10.982607 
13.446323 
21.577510 
7.962300 
20.059881 
14.713933 
11.972793 
15.100132 
27.998624 
29.464218 
29.269652 
22.374647 
38.409398 
37.698522 
29.566366 
15.210381 
21.550718 
20.388295 
16.916176 
25.943006 
16.980752 
1979.525420 
792.708840 
17.109915 
19.049626 
22.877286 
63.760459 
28.496462 
24.148177 
21.785083 
12.503526 
19.049626 
15.243276 
30.188374 
9.665183 
16.253558 
13.075340 
18.879716 
14.614008 
10.982607 
13.446323 
21.577510 
7.962300 
20.059881 
14.713933 
11.972793 
15.100132 
27.998624 
29.464218 
29.269652 
22.374647 
38.409398 
37.698522 
29.566366 
15.210381 
21.550718 
20.388295 
16.916176 
25.943006 
16.980752 
1979.525420 
792.708840 
17.109915 
19.049626 
22.877286 
63.760459 
28.496462 
24.148177 
21.785083 
12.503526 
19.049626 
15.243276 
30.188374 
9.665183 
16.253558 
13.075340 
18.879716 
14.614008 
10.982607 
13.446323 
21.577510 
7.962300 
20.059881 
14.713933 
11.972793 
15.100132 
27.998624 
29.464218 
29.269652 
22.374647 
38.409398 
37.698522 
29.566366 
15.210381 
21.550718 
20.388295 
16.916176 
25.943006 
16.980752 
1979.525420 
792.708840 
17.109915 
19.049626 
22.877286 
63.760459 
28.496462 
24.148177 
21.785083 
12.503526 
19.049626 
15.243276 
30.188374 
9.665183 
16.253558 
13.075340 
18.879716 
14.614008 
10.982607 
13.446323 
21.577510 
7.962300 
20.059881 
14.713933 
11.972793 
15.100132 
27.998624 
29.464218 
29.269652 
22.374647 
38.409398 
37.698522 
29.566366 
15.210381 
21.550718 
20.388295 
16.916176 
25.943006 
16.980752 
