2134.111691 
808.991025 
18.107546 
15.947067 
19.744938 
80.072541 
21.987666 
24.729920 
22.000768 
14.432849 
15.947067 
17.471415 
27.961238 
19.681692 
19.390052 
11.465315 
22.933385 
20.366711 
21.639217 
16.791690 
17.364907 
9.609670 
39.271367 
25.219334 
14.127080 
17.855742 
34.851092 
19.082502 
13.780908 
18.001160 
28.840725 
34.842365 
27.229327 
19.550110 
37.655750 
31.208545 
29.147821 
17.908502 
27.374628 
2134.111691 
808.991025 
18.107546 
15.947067 
19.744938 
80.072541 
21.987666 
24.729920 
22.000768 
14.432849 
15.947067 
17.471415 
27.961238 
19.681692 
19.390052 
11.465315 
22.933385 
20.366711 
21.639217 
16.791690 
17.364907 
9.609670 
39.271367 
25.219334 
14.127080 
17.855742 
34.851092 
19.082502 
13.780908 
18.001160 
28.840725 
34.842365 
27.229327 
19.550110 
37.655750 
31.208545 
29.147821 
17.908502 
27.374628 
2134.111691 
808.991025 
18.107546 
15.947067 
19.744938 
80.072541 
21.987666 
24.729920 
22.000768 
14.432849 
15.947067 
17.471415 
27.961238 
19.681692 
19.390052 
11.465315 
22.933385 
20.366711 
21.639217 
16.791690 
17.364907 
9.609670 
39.271367 
25.219334 
14.127080 
17.855742 
34.851092 
19.082502 
13.780908 
18.001160 
28.840725 
34.842365 
27.229327 
19.550110 
37.655750 
31.208545 
29.147821 
17.908502 
27.374628 
2134.111691 
808.991025 
18.107546 
15.947067 
19.744938 
80.072541 
21.987666 
24.729920 
22.000768 
14.432849 
15.947067 
17.471415 
27.961238 
19.681692 
19.390052 
11.465315 
22.933385 
20.366711 
21.639217 
16.791690 
17.364907 
9.609670 
39.271367 
25.219334 
14.127080 
17.855742 
34.851092 
19.082502 
13.780908 
18.001160 
28.840725 
34.842365 
27.229327 
19.550110 
37.655750 
31.208545 
29.147821 
17.908502 
27.374628 
2134.111691 
808.991025 
18.107546 
15.947067 
19.744938 
80.072541 
21.987666 
24.729920 
22.000768 
14.432849 
15.947067 
17.471415 
27.961238 
19.681692 
19.390052 
11.465315 
22.933385 
20.366711 
21.639217 
16.791690 
17.364907 
9.609670 
39.271367 
25.219334 
14.127080 
17.855742 
34.851092 
19.082502 
13.780908 
18.001160 
28.840725 
34.842365 
27.229327 
19.550110 
37.655750 
31.208545 
29.147821 
17.908502 
27.374628 
