1967.334270 
761.023976 
17.796525 
19.228894 
20.100235 
99.368209 
28.780583 
17.606161 
22.014003 
12.858772 
19.228894 
15.250488 
23.791087 
18.185263 
14.345788 
14.194815 
17.324420 
16.125808 
19.802354 
15.302888 
25.544749 
15.307682 
29.175776 
13.926516 
14.238894 
14.678199 
27.884936 
25.697563 
28.662654 
27.715796 
34.097344 
32.563810 
31.673521 
16.228131 
25.173297 
44.079487 
38.200326 
27.800486 
20.636838 
1967.334270 
761.023976 
17.796525 
19.228894 
20.100235 
99.368209 
28.780583 
17.606161 
22.014003 
12.858772 
19.228894 
15.250488 
23.791087 
18.185263 
14.345788 
14.194815 
17.324420 
16.125808 
19.802354 
15.302888 
25.544749 
15.307682 
29.175776 
13.926516 
14.238894 
14.678199 
27.884936 
25.697563 
28.662654 
27.715796 
34.097344 
32.563810 
31.673521 
16.228131 
25.173297 
44.079487 
38.200326 
27.800486 
20.636838 
1967.334270 
761.023976 
17.796525 
19.228894 
20.100235 
99.368209 
28.780583 
17.606161 
22.014003 
12.858772 
19.228894 
15.250488 
23.791087 
18.185263 
14.345788 
14.194815 
17.324420 
16.125808 
19.802354 
15.302888 
25.544749 
15.307682 
29.175776 
13.926516 
14.238894 
14.678199 
27.884936 
25.697563 
28.662654 
27.715796 
34.097344 
32.563810 
31.673521 
16.228131 
25.173297 
44.079487 
38.200326 
27.800486 
20.636838 
1967.334270 
761.023976 
17.796525 
19.228894 
20.100235 
99.368209 
28.780583 
17.606161 
22.014003 
12.858772 
19.228894 
15.250488 
23.791087 
18.185263 
14.345788 
14.194815 
17.324420 
16.125808 
19.802354 
15.302888 
25.544749 
15.307682 
29.175776 
13.926516 
14.238894 
14.678199 
27.884936 
25.697563 
28.662654 
27.715796 
34.097344 
32.563810 
31.673521 
16.228131 
25.173297 
44.079487 
38.200326 
27.800486 
20.636838 
1967.334270 
761.023976 
17.796525 
19.228894 
20.100235 
99.368209 
28.780583 
17.606161 
22.014003 
12.858772 
19.228894 
15.250488 
23.791087 
18.185263 
14.345788 
14.194815 
17.324420 
16.125808 
19.802354 
15.302888 
25.544749 
15.307682 
29.175776 
13.926516 
14.238894 
14.678199 
27.884936 
25.697563 
28.662654 
27.715796 
34.097344 
32.563810 
31.673521 
16.228131 
25.173297 
44.079487 
38.200326 
27.800486 
20.636838 
