2109.839609 
821.380384 
15.370844 
17.552701 
16.297579 
112.558041 
36.070215 
17.958222 
18.523023 
18.622465 
17.552701 
14.476764 
40.444219 
18.952031 
17.087977 
14.900118 
26.003059 
24.643599 
23.736842 
19.668752 
10.762687 
11.941370 
10.409130 
12.761157 
11.471783 
9.127736 
11.224672 
7.464681 
14.695046 
9.871878 
10.250686 
10.519706 
10.334671 
14.519499 
12.733720 
14.458924 
12.876874 
11.568609 
27.264635 
2109.839609 
821.380384 
15.370844 
17.552701 
16.297579 
112.558041 
36.070215 
17.958222 
18.523023 
18.622465 
17.552701 
14.476764 
40.444219 
18.952031 
17.087977 
14.900118 
26.003059 
24.643599 
23.736842 
19.668752 
10.762687 
11.941370 
10.409130 
12.761157 
11.471783 
9.127736 
11.224672 
7.464681 
14.695046 
9.871878 
10.250686 
10.519706 
10.334671 
14.519499 
12.733720 
14.458924 
12.876874 
11.568609 
27.264635 
2109.839609 
821.380384 
15.370844 
17.552701 
16.297579 
112.558041 
36.070215 
17.958222 
18.523023 
18.622465 
17.552701 
14.476764 
40.444219 
18.952031 
17.087977 
14.900118 
26.003059 
24.643599 
23.736842 
19.668752 
10.762687 
11.941370 
10.409130 
12.761157 
11.471783 
9.127736 
11.224672 
7.464681 
14.695046 
9.871878 
10.250686 
10.519706 
10.334671 
14.519499 
12.733720 
14.458924 
12.876874 
11.568609 
27.264635 
2109.839609 
821.380384 
15.370844 
17.552701 
16.297579 
112.558041 
36.070215 
17.958222 
18.523023 
18.622465 
17.552701 
14.476764 
40.444219 
18.952031 
17.087977 
14.900118 
26.003059 
24.643599 
23.736842 
19.668752 
10.762687 
11.941370 
10.409130 
12.761157 
11.471783 
9.127736 
11.224672 
7.464681 
14.695046 
9.871878 
10.250686 
10.519706 
10.334671 
14.519499 
12.733720 
14.458924 
12.876874 
11.568609 
27.264635 
2109.839609 
821.380384 
15.370844 
17.552701 
16.297579 
112.558041 
36.070215 
17.958222 
18.523023 
18.622465 
17.552701 
14.476764 
40.444219 
18.952031 
17.087977 
14.900118 
26.003059 
24.643599 
23.736842 
19.668752 
10.762687 
11.941370 
10.409130 
12.761157 
11.471783 
9.127736 
11.224672 
7.464681 
14.695046 
9.871878 
10.250686 
10.519706 
10.334671 
14.519499 
12.733720 
14.458924 
12.876874 
11.568609 
27.264635 
