2114.431750 
839.821890 
18.587605 
25.540849 
20.252863 
82.525405 
36.606979 
25.997490 
31.039052 
31.227302 
25.540849 
14.883220 
51.310544 
10.380582 
15.425819 
22.889788 
23.060399 
18.028384 
17.472646 
18.236103 
10.746274 
14.209931 
13.511949 
18.677340 
11.573016 
13.878014 
12.063467 
12.029503 
19.032428 
10.136879 
11.722771 
13.903331 
11.418176 
19.111052 
12.799799 
9.110101 
13.225984 
16.306865 
26.778616 
2114.431750 
839.821890 
18.587605 
25.540849 
20.252863 
82.525405 
36.606979 
25.997490 
31.039052 
31.227302 
25.540849 
14.883220 
51.310544 
10.380582 
15.425819 
22.889788 
23.060399 
18.028384 
17.472646 
18.236103 
10.746274 
14.209931 
13.511949 
18.677340 
11.573016 
13.878014 
12.063467 
12.029503 
19.032428 
10.136879 
11.722771 
13.903331 
11.418176 
19.111052 
12.799799 
9.110101 
13.225984 
16.306865 
26.778616 
2114.431750 
839.821890 
18.587605 
25.540849 
20.252863 
82.525405 
36.606979 
25.997490 
31.039052 
31.227302 
25.540849 
14.883220 
51.310544 
10.380582 
15.425819 
22.889788 
23.060399 
18.028384 
17.472646 
18.236103 
10.746274 
14.209931 
13.511949 
18.677340 
11.573016 
13.878014 
12.063467 
12.029503 
19.032428 
10.136879 
11.722771 
13.903331 
11.418176 
19.111052 
12.799799 
9.110101 
13.225984 
16.306865 
26.778616 
2114.431750 
839.821890 
18.587605 
25.540849 
20.252863 
82.525405 
36.606979 
25.997490 
31.039052 
31.227302 
25.540849 
14.883220 
51.310544 
10.380582 
15.425819 
22.889788 
23.060399 
18.028384 
17.472646 
18.236103 
10.746274 
14.209931 
13.511949 
18.677340 
11.573016 
13.878014 
12.063467 
12.029503 
19.032428 
10.136879 
11.722771 
13.903331 
11.418176 
19.111052 
12.799799 
9.110101 
13.225984 
16.306865 
26.778616 
2114.431750 
839.821890 
18.587605 
25.540849 
20.252863 
82.525405 
36.606979 
25.997490 
31.039052 
31.227302 
25.540849 
14.883220 
51.310544 
10.380582 
15.425819 
22.889788 
23.060399 
18.028384 
17.472646 
18.236103 
10.746274 
14.209931 
13.511949 
18.677340 
11.573016 
13.878014 
12.063467 
12.029503 
19.032428 
10.136879 
11.722771 
13.903331 
11.418176 
19.111052 
12.799799 
9.110101 
13.225984 
16.306865 
26.778616 
