2192.767397 
882.848018 
13.470671 
14.051825 
15.326289 
111.684940 
25.310004 
12.707777 
29.044893 
14.685653 
14.051825 
11.124318 
24.932236 
12.920315 
18.331478 
9.195268 
21.376752 
16.695170 
22.484471 
20.641249 
7.172584 
7.120198 
9.676935 
16.659333 
9.253372 
12.497597 
8.188535 
7.673112 
12.190657 
17.931757 
12.827274 
10.271935 
11.934165 
9.860545 
8.881467 
6.899506 
8.903726 
12.475745 
21.396876 
2192.767397 
882.848018 
13.470671 
14.051825 
15.326289 
111.684940 
25.310004 
12.707777 
29.044893 
14.685653 
14.051825 
11.124318 
24.932236 
12.920315 
18.331478 
9.195268 
21.376752 
16.695170 
22.484471 
20.641249 
7.172584 
7.120198 
9.676935 
16.659333 
9.253372 
12.497597 
8.188535 
7.673112 
12.190657 
17.931757 
12.827274 
10.271935 
11.934165 
9.860545 
8.881467 
6.899506 
8.903726 
12.475745 
21.396876 
2192.767397 
882.848018 
13.470671 
14.051825 
15.326289 
111.684940 
25.310004 
12.707777 
29.044893 
14.685653 
14.051825 
11.124318 
24.932236 
12.920315 
18.331478 
9.195268 
21.376752 
16.695170 
22.484471 
20.641249 
7.172584 
7.120198 
9.676935 
16.659333 
9.253372 
12.497597 
8.188535 
7.673112 
12.190657 
17.931757 
12.827274 
10.271935 
11.934165 
9.860545 
8.881467 
6.899506 
8.903726 
12.475745 
21.396876 
2192.767397 
882.848018 
13.470671 
14.051825 
15.326289 
111.684940 
25.310004 
12.707777 
29.044893 
14.685653 
14.051825 
11.124318 
24.932236 
12.920315 
18.331478 
9.195268 
21.376752 
16.695170 
22.484471 
20.641249 
7.172584 
7.120198 
9.676935 
16.659333 
9.253372 
12.497597 
8.188535 
7.673112 
12.190657 
17.931757 
12.827274 
10.271935 
11.934165 
9.860545 
8.881467 
6.899506 
8.903726 
12.475745 
21.396876 
2192.767397 
882.848018 
13.470671 
14.051825 
15.326289 
111.684940 
25.310004 
12.707777 
29.044893 
14.685653 
14.051825 
11.124318 
24.932236 
12.920315 
18.331478 
9.195268 
21.376752 
16.695170 
22.484471 
20.641249 
7.172584 
7.120198 
9.676935 
16.659333 
9.253372 
12.497597 
8.188535 
7.673112 
12.190657 
17.931757 
12.827274 
10.271935 
11.934165 
9.860545 
8.881467 
6.899506 
8.903726 
12.475745 
21.396876 
