2162.828598 
867.826384 
14.888200 
19.473037 
16.859954 
117.760816 
19.019674 
17.057970 
17.002540 
12.741630 
19.473037 
10.966902 
36.789324 
17.308560 
13.897691 
9.975836 
20.030823 
22.230397 
19.608377 
15.463000 
11.087816 
15.033815 
11.946683 
9.350395 
7.940524 
12.705228 
10.193796 
6.832413 
8.208204 
10.872831 
9.388380 
9.308437 
12.102469 
10.624792 
10.289680 
9.909630 
10.224875 
10.948694 
29.002617 
2162.828598 
867.826384 
14.888200 
19.473037 
16.859954 
117.760816 
19.019674 
17.057970 
17.002540 
12.741630 
19.473037 
10.966902 
36.789324 
17.308560 
13.897691 
9.975836 
20.030823 
22.230397 
19.608377 
15.463000 
11.087816 
15.033815 
11.946683 
9.350395 
7.940524 
12.705228 
10.193796 
6.832413 
8.208204 
10.872831 
9.388380 
9.308437 
12.102469 
10.624792 
10.289680 
9.909630 
10.224875 
10.948694 
29.002617 
2162.828598 
867.826384 
14.888200 
19.473037 
16.859954 
117.760816 
19.019674 
17.057970 
17.002540 
12.741630 
19.473037 
10.966902 
36.789324 
17.308560 
13.897691 
9.975836 
20.030823 
22.230397 
19.608377 
15.463000 
11.087816 
15.033815 
11.946683 
9.350395 
7.940524 
12.705228 
10.193796 
6.832413 
8.208204 
10.872831 
9.388380 
9.308437 
12.102469 
10.624792 
10.289680 
9.909630 
10.224875 
10.948694 
29.002617 
2162.828598 
867.826384 
14.888200 
19.473037 
16.859954 
117.760816 
19.019674 
17.057970 
17.002540 
12.741630 
19.473037 
10.966902 
36.789324 
17.308560 
13.897691 
9.975836 
20.030823 
22.230397 
19.608377 
15.463000 
11.087816 
15.033815 
11.946683 
9.350395 
7.940524 
12.705228 
10.193796 
6.832413 
8.208204 
10.872831 
9.388380 
9.308437 
12.102469 
10.624792 
10.289680 
9.909630 
10.224875 
10.948694 
29.002617 
2162.828598 
867.826384 
14.888200 
19.473037 
16.859954 
117.760816 
19.019674 
17.057970 
17.002540 
12.741630 
19.473037 
10.966902 
36.789324 
17.308560 
13.897691 
9.975836 
20.030823 
22.230397 
19.608377 
15.463000 
11.087816 
15.033815 
11.946683 
9.350395 
7.940524 
12.705228 
10.193796 
6.832413 
8.208204 
10.872831 
9.388380 
9.308437 
12.102469 
10.624792 
10.289680 
9.909630 
10.224875 
10.948694 
29.002617 
