2145.762663 
858.256044 
16.297417 
18.321961 
17.234784 
93.226039 
24.979505 
25.779545 
26.699795 
21.690685 
18.321961 
12.986063 
52.778220 
16.833861 
19.468696 
19.539349 
33.417067 
27.570819 
19.539339 
15.334793 
11.273411 
11.245718 
13.896436 
11.720983 
12.874072 
13.627456 
11.669755 
9.422362 
12.524983 
13.475859 
10.529433 
13.298815 
15.551640 
13.793099 
13.363297 
6.993671 
10.241212 
24.132194 
25.795795 
2145.762663 
858.256044 
16.297417 
18.321961 
17.234784 
93.226039 
24.979505 
25.779545 
26.699795 
21.690685 
18.321961 
12.986063 
52.778220 
16.833861 
19.468696 
19.539349 
33.417067 
27.570819 
19.539339 
15.334793 
11.273411 
11.245718 
13.896436 
11.720983 
12.874072 
13.627456 
11.669755 
9.422362 
12.524983 
13.475859 
10.529433 
13.298815 
15.551640 
13.793099 
13.363297 
6.993671 
10.241212 
24.132194 
25.795795 
2145.762663 
858.256044 
16.297417 
18.321961 
17.234784 
93.226039 
24.979505 
25.779545 
26.699795 
21.690685 
18.321961 
12.986063 
52.778220 
16.833861 
19.468696 
19.539349 
33.417067 
27.570819 
19.539339 
15.334793 
11.273411 
11.245718 
13.896436 
11.720983 
12.874072 
13.627456 
11.669755 
9.422362 
12.524983 
13.475859 
10.529433 
13.298815 
15.551640 
13.793099 
13.363297 
6.993671 
10.241212 
24.132194 
25.795795 
2145.762663 
858.256044 
16.297417 
18.321961 
17.234784 
93.226039 
24.979505 
25.779545 
26.699795 
21.690685 
18.321961 
12.986063 
52.778220 
16.833861 
19.468696 
19.539349 
33.417067 
27.570819 
19.539339 
15.334793 
11.273411 
11.245718 
13.896436 
11.720983 
12.874072 
13.627456 
11.669755 
9.422362 
12.524983 
13.475859 
10.529433 
13.298815 
15.551640 
13.793099 
13.363297 
6.993671 
10.241212 
24.132194 
25.795795 
2145.762663 
858.256044 
16.297417 
18.321961 
17.234784 
93.226039 
24.979505 
25.779545 
26.699795 
21.690685 
18.321961 
12.986063 
52.778220 
16.833861 
19.468696 
19.539349 
33.417067 
27.570819 
19.539339 
15.334793 
11.273411 
11.245718 
13.896436 
11.720983 
12.874072 
13.627456 
11.669755 
9.422362 
12.524983 
13.475859 
10.529433 
13.298815 
15.551640 
13.793099 
13.363297 
6.993671 
10.241212 
24.132194 
25.795795 
