2090.094094 
828.483196 
16.923664 
16.758978 
17.531141 
121.138162 
31.625022 
19.845153 
30.898257 
16.195811 
16.758978 
14.927078 
36.231021 
22.136732 
20.153477 
15.307112 
20.991825 
21.003495 
20.037665 
14.473576 
10.767109 
18.814487 
10.277268 
10.042270 
9.643459 
12.796017 
10.161025 
8.514819 
5.992833 
9.870087 
9.435760 
10.240193 
9.499305 
13.523510 
9.116201 
7.152999 
9.706770 
19.923128 
27.975920 
2090.094094 
828.483196 
16.923664 
16.758978 
17.531141 
121.138162 
31.625022 
19.845153 
30.898257 
16.195811 
16.758978 
14.927078 
36.231021 
22.136732 
20.153477 
15.307112 
20.991825 
21.003495 
20.037665 
14.473576 
10.767109 
18.814487 
10.277268 
10.042270 
9.643459 
12.796017 
10.161025 
8.514819 
5.992833 
9.870087 
9.435760 
10.240193 
9.499305 
13.523510 
9.116201 
7.152999 
9.706770 
19.923128 
27.975920 
2090.094094 
828.483196 
16.923664 
16.758978 
17.531141 
121.138162 
31.625022 
19.845153 
30.898257 
16.195811 
16.758978 
14.927078 
36.231021 
22.136732 
20.153477 
15.307112 
20.991825 
21.003495 
20.037665 
14.473576 
10.767109 
18.814487 
10.277268 
10.042270 
9.643459 
12.796017 
10.161025 
8.514819 
5.992833 
9.870087 
9.435760 
10.240193 
9.499305 
13.523510 
9.116201 
7.152999 
9.706770 
19.923128 
27.975920 
2090.094094 
828.483196 
16.923664 
16.758978 
17.531141 
121.138162 
31.625022 
19.845153 
30.898257 
16.195811 
16.758978 
14.927078 
36.231021 
22.136732 
20.153477 
15.307112 
20.991825 
21.003495 
20.037665 
14.473576 
10.767109 
18.814487 
10.277268 
10.042270 
9.643459 
12.796017 
10.161025 
8.514819 
5.992833 
9.870087 
9.435760 
10.240193 
9.499305 
13.523510 
9.116201 
7.152999 
9.706770 
19.923128 
27.975920 
2090.094094 
828.483196 
16.923664 
16.758978 
17.531141 
121.138162 
31.625022 
19.845153 
30.898257 
16.195811 
16.758978 
14.927078 
36.231021 
22.136732 
20.153477 
15.307112 
20.991825 
21.003495 
20.037665 
14.473576 
10.767109 
18.814487 
10.277268 
10.042270 
9.643459 
12.796017 
10.161025 
8.514819 
5.992833 
9.870087 
9.435760 
10.240193 
9.499305 
13.523510 
9.116201 
7.152999 
9.706770 
19.923128 
27.975920 
