1997.848683 
799.877608 
15.559110 
25.357016 
17.393575 
85.271614 
33.177964 
17.437976 
30.599146 
16.609391 
25.357016 
11.415178 
34.885858 
18.280391 
19.265611 
15.050193 
19.993943 
16.334757 
10.233278 
14.340274 
7.937138 
12.673013 
12.827447 
8.604374 
12.356115 
12.984467 
13.703341 
9.959736 
10.286484 
15.590666 
11.164784 
13.152830 
7.558680 
14.182713 
11.750196 
8.768779 
9.849660 
16.331819 
30.061877 
1997.848683 
799.877608 
15.559110 
25.357016 
17.393575 
85.271614 
33.177964 
17.437976 
30.599146 
16.609391 
25.357016 
11.415178 
34.885858 
18.280391 
19.265611 
15.050193 
19.993943 
16.334757 
10.233278 
14.340274 
7.937138 
12.673013 
12.827447 
8.604374 
12.356115 
12.984467 
13.703341 
9.959736 
10.286484 
15.590666 
11.164784 
13.152830 
7.558680 
14.182713 
11.750196 
8.768779 
9.849660 
16.331819 
30.061877 
1997.848683 
799.877608 
15.559110 
25.357016 
17.393575 
85.271614 
33.177964 
17.437976 
30.599146 
16.609391 
25.357016 
11.415178 
34.885858 
18.280391 
19.265611 
15.050193 
19.993943 
16.334757 
10.233278 
14.340274 
7.937138 
12.673013 
12.827447 
8.604374 
12.356115 
12.984467 
13.703341 
9.959736 
10.286484 
15.590666 
11.164784 
13.152830 
7.558680 
14.182713 
11.750196 
8.768779 
9.849660 
16.331819 
30.061877 
1997.848683 
799.877608 
15.559110 
25.357016 
17.393575 
85.271614 
33.177964 
17.437976 
30.599146 
16.609391 
25.357016 
11.415178 
34.885858 
18.280391 
19.265611 
15.050193 
19.993943 
16.334757 
10.233278 
14.340274 
7.937138 
12.673013 
12.827447 
8.604374 
12.356115 
12.984467 
13.703341 
9.959736 
10.286484 
15.590666 
11.164784 
13.152830 
7.558680 
14.182713 
11.750196 
8.768779 
9.849660 
16.331819 
30.061877 
1997.848683 
799.877608 
15.559110 
25.357016 
17.393575 
85.271614 
33.177964 
17.437976 
30.599146 
16.609391 
25.357016 
11.415178 
34.885858 
18.280391 
19.265611 
15.050193 
19.993943 
16.334757 
10.233278 
14.340274 
7.937138 
12.673013 
12.827447 
8.604374 
12.356115 
12.984467 
13.703341 
9.959736 
10.286484 
15.590666 
11.164784 
13.152830 
7.558680 
14.182713 
11.750196 
8.768779 
9.849660 
16.331819 
30.061877 
