2015.792874 
786.567870 
17.774025 
20.129129 
19.576774 
108.256963 
28.956630 
21.685827 
26.313427 
17.454043 
20.129129 
16.497840 
44.098778 
18.206237 
18.922870 
12.124114 
32.873994 
21.515863 
19.689162 
22.573983 
12.614800 
12.961303 
9.465888 
13.503626 
14.857896 
13.752638 
11.207470 
9.573339 
19.310918 
18.676360 
13.194562 
12.511929 
16.328585 
14.864116 
11.432239 
9.756149 
10.336384 
12.665064 
23.244581 
2015.792874 
786.567870 
17.774025 
20.129129 
19.576774 
108.256963 
28.956630 
21.685827 
26.313427 
17.454043 
20.129129 
16.497840 
44.098778 
18.206237 
18.922870 
12.124114 
32.873994 
21.515863 
19.689162 
22.573983 
12.614800 
12.961303 
9.465888 
13.503626 
14.857896 
13.752638 
11.207470 
9.573339 
19.310918 
18.676360 
13.194562 
12.511929 
16.328585 
14.864116 
11.432239 
9.756149 
10.336384 
12.665064 
23.244581 
2015.792874 
786.567870 
17.774025 
20.129129 
19.576774 
108.256963 
28.956630 
21.685827 
26.313427 
17.454043 
20.129129 
16.497840 
44.098778 
18.206237 
18.922870 
12.124114 
32.873994 
21.515863 
19.689162 
22.573983 
12.614800 
12.961303 
9.465888 
13.503626 
14.857896 
13.752638 
11.207470 
9.573339 
19.310918 
18.676360 
13.194562 
12.511929 
16.328585 
14.864116 
11.432239 
9.756149 
10.336384 
12.665064 
23.244581 
2015.792874 
786.567870 
17.774025 
20.129129 
19.576774 
108.256963 
28.956630 
21.685827 
26.313427 
17.454043 
20.129129 
16.497840 
44.098778 
18.206237 
18.922870 
12.124114 
32.873994 
21.515863 
19.689162 
22.573983 
12.614800 
12.961303 
9.465888 
13.503626 
14.857896 
13.752638 
11.207470 
9.573339 
19.310918 
18.676360 
13.194562 
12.511929 
16.328585 
14.864116 
11.432239 
9.756149 
10.336384 
12.665064 
23.244581 
2015.792874 
786.567870 
17.774025 
20.129129 
19.576774 
108.256963 
28.956630 
21.685827 
26.313427 
17.454043 
20.129129 
16.497840 
44.098778 
18.206237 
18.922870 
12.124114 
32.873994 
21.515863 
19.689162 
22.573983 
12.614800 
12.961303 
9.465888 
13.503626 
14.857896 
13.752638 
11.207470 
9.573339 
19.310918 
18.676360 
13.194562 
12.511929 
16.328585 
14.864116 
11.432239 
9.756149 
10.336384 
12.665064 
23.244581 
