2043.761228 
813.818764 
16.647567 
20.680008 
20.530918 
86.860267 
35.518381 
21.931440 
32.170770 
18.833774 
20.680008 
22.732597 
42.422118 
16.632657 
18.826914 
14.561859 
24.370736 
18.765047 
14.034711 
15.289154 
12.728389 
14.065970 
12.517790 
14.379323 
12.717739 
14.599609 
13.894373 
10.276550 
11.601544 
8.716869 
9.929772 
12.381779 
9.675003 
15.941060 
10.432486 
8.174123 
11.228939 
18.214444 
27.901974 
2043.761228 
813.818764 
16.647567 
20.680008 
20.530918 
86.860267 
35.518381 
21.931440 
32.170770 
18.833774 
20.680008 
22.732597 
42.422118 
16.632657 
18.826914 
14.561859 
24.370736 
18.765047 
14.034711 
15.289154 
12.728389 
14.065970 
12.517790 
14.379323 
12.717739 
14.599609 
13.894373 
10.276550 
11.601544 
8.716869 
9.929772 
12.381779 
9.675003 
15.941060 
10.432486 
8.174123 
11.228939 
18.214444 
27.901974 
2043.761228 
813.818764 
16.647567 
20.680008 
20.530918 
86.860267 
35.518381 
21.931440 
32.170770 
18.833774 
20.680008 
22.732597 
42.422118 
16.632657 
18.826914 
14.561859 
24.370736 
18.765047 
14.034711 
15.289154 
12.728389 
14.065970 
12.517790 
14.379323 
12.717739 
14.599609 
13.894373 
10.276550 
11.601544 
8.716869 
9.929772 
12.381779 
9.675003 
15.941060 
10.432486 
8.174123 
11.228939 
18.214444 
27.901974 
2043.761228 
813.818764 
16.647567 
20.680008 
20.530918 
86.860267 
35.518381 
21.931440 
32.170770 
18.833774 
20.680008 
22.732597 
42.422118 
16.632657 
18.826914 
14.561859 
24.370736 
18.765047 
14.034711 
15.289154 
12.728389 
14.065970 
12.517790 
14.379323 
12.717739 
14.599609 
13.894373 
10.276550 
11.601544 
8.716869 
9.929772 
12.381779 
9.675003 
15.941060 
10.432486 
8.174123 
11.228939 
18.214444 
27.901974 
2043.761228 
813.818764 
16.647567 
20.680008 
20.530918 
86.860267 
35.518381 
21.931440 
32.170770 
18.833774 
20.680008 
22.732597 
42.422118 
16.632657 
18.826914 
14.561859 
24.370736 
18.765047 
14.034711 
15.289154 
12.728389 
14.065970 
12.517790 
14.379323 
12.717739 
14.599609 
13.894373 
10.276550 
11.601544 
8.716869 
9.929772 
12.381779 
9.675003 
15.941060 
10.432486 
8.174123 
11.228939 
18.214444 
27.901974 
