2169.696736 
844.451854 
13.850311 
15.632364 
15.532699 
89.976283 
20.868146 
11.444086 
27.789811 
15.840908 
15.632364 
11.580890 
28.211719 
12.856573 
17.343763 
11.594327 
20.784523 
14.179781 
13.906687 
13.576109 
6.396353 
7.929414 
14.904452 
10.025600 
10.037254 
8.876018 
10.756469 
7.643712 
12.397996 
11.704228 
9.262728 
12.470205 
10.844375 
10.913357 
13.916218 
9.754832 
8.989907 
21.261675 
30.218241 
2169.696736 
844.451854 
13.850311 
15.632364 
15.532699 
89.976283 
20.868146 
11.444086 
27.789811 
15.840908 
15.632364 
11.580890 
28.211719 
12.856573 
17.343763 
11.594327 
20.784523 
14.179781 
13.906687 
13.576109 
6.396353 
7.929414 
14.904452 
10.025600 
10.037254 
8.876018 
10.756469 
7.643712 
12.397996 
11.704228 
9.262728 
12.470205 
10.844375 
10.913357 
13.916218 
9.754832 
8.989907 
21.261675 
30.218241 
2169.696736 
844.451854 
13.850311 
15.632364 
15.532699 
89.976283 
20.868146 
11.444086 
27.789811 
15.840908 
15.632364 
11.580890 
28.211719 
12.856573 
17.343763 
11.594327 
20.784523 
14.179781 
13.906687 
13.576109 
6.396353 
7.929414 
14.904452 
10.025600 
10.037254 
8.876018 
10.756469 
7.643712 
12.397996 
11.704228 
9.262728 
12.470205 
10.844375 
10.913357 
13.916218 
9.754832 
8.989907 
21.261675 
30.218241 
2169.696736 
844.451854 
13.850311 
15.632364 
15.532699 
89.976283 
20.868146 
11.444086 
27.789811 
15.840908 
15.632364 
11.580890 
28.211719 
12.856573 
17.343763 
11.594327 
20.784523 
14.179781 
13.906687 
13.576109 
6.396353 
7.929414 
14.904452 
10.025600 
10.037254 
8.876018 
10.756469 
7.643712 
12.397996 
11.704228 
9.262728 
12.470205 
10.844375 
10.913357 
13.916218 
9.754832 
8.989907 
21.261675 
30.218241 
2169.696736 
844.451854 
13.850311 
15.632364 
15.532699 
89.976283 
20.868146 
11.444086 
27.789811 
15.840908 
15.632364 
11.580890 
28.211719 
12.856573 
17.343763 
11.594327 
20.784523 
14.179781 
13.906687 
13.576109 
6.396353 
7.929414 
14.904452 
10.025600 
10.037254 
8.876018 
10.756469 
7.643712 
12.397996 
11.704228 
9.262728 
12.470205 
10.844375 
10.913357 
13.916218 
9.754832 
8.989907 
21.261675 
30.218241 
