2124.011743 
865.771807 
14.084827 
14.329560 
15.137493 
128.837835 
23.293496 
13.099434 
22.585824 
10.636682 
14.329560 
9.408273 
45.703030 
18.735234 
16.270448 
12.875681 
21.468849 
15.649231 
11.032440 
19.422856 
9.675481 
7.729197 
12.600287 
10.260413 
11.050481 
14.949020 
12.994822 
6.802149 
13.767973 
13.527947 
11.166871 
11.126561 
9.954497 
10.551247 
11.082607 
12.626630 
12.075461 
12.434755 
16.699597 
2124.011743 
865.771807 
14.084827 
14.329560 
15.137493 
128.837835 
23.293496 
13.099434 
22.585824 
10.636682 
14.329560 
9.408273 
45.703030 
18.735234 
16.270448 
12.875681 
21.468849 
15.649231 
11.032440 
19.422856 
9.675481 
7.729197 
12.600287 
10.260413 
11.050481 
14.949020 
12.994822 
6.802149 
13.767973 
13.527947 
11.166871 
11.126561 
9.954497 
10.551247 
11.082607 
12.626630 
12.075461 
12.434755 
16.699597 
2124.011743 
865.771807 
14.084827 
14.329560 
15.137493 
128.837835 
23.293496 
13.099434 
22.585824 
10.636682 
14.329560 
9.408273 
45.703030 
18.735234 
16.270448 
12.875681 
21.468849 
15.649231 
11.032440 
19.422856 
9.675481 
7.729197 
12.600287 
10.260413 
11.050481 
14.949020 
12.994822 
6.802149 
13.767973 
13.527947 
11.166871 
11.126561 
9.954497 
10.551247 
11.082607 
12.626630 
12.075461 
12.434755 
16.699597 
2124.011743 
865.771807 
14.084827 
14.329560 
15.137493 
128.837835 
23.293496 
13.099434 
22.585824 
10.636682 
14.329560 
9.408273 
45.703030 
18.735234 
16.270448 
12.875681 
21.468849 
15.649231 
11.032440 
19.422856 
9.675481 
7.729197 
12.600287 
10.260413 
11.050481 
14.949020 
12.994822 
6.802149 
13.767973 
13.527947 
11.166871 
11.126561 
9.954497 
10.551247 
11.082607 
12.626630 
12.075461 
12.434755 
16.699597 
2124.011743 
865.771807 
14.084827 
14.329560 
15.137493 
128.837835 
23.293496 
13.099434 
22.585824 
10.636682 
14.329560 
9.408273 
45.703030 
18.735234 
16.270448 
12.875681 
21.468849 
15.649231 
11.032440 
19.422856 
9.675481 
7.729197 
12.600287 
10.260413 
11.050481 
14.949020 
12.994822 
6.802149 
13.767973 
13.527947 
11.166871 
11.126561 
9.954497 
10.551247 
11.082607 
12.626630 
12.075461 
12.434755 
16.699597 
