2131.743356 
828.304982 
18.669160 
22.210593 
18.537086 
100.286847 
19.657717 
13.147367 
34.021808 
18.505328 
22.210593 
15.776449 
29.898944 
16.453665 
15.530646 
8.389277 
26.383763 
27.161971 
18.339678 
20.255819 
10.807695 
19.411814 
10.177232 
12.930768 
11.846248 
10.869613 
11.667070 
9.289570 
20.659798 
12.818366 
12.444620 
10.922101 
14.810038 
12.322627 
10.497633 
11.879327 
11.671195 
14.358819 
22.798294 
2131.743356 
828.304982 
18.669160 
22.210593 
18.537086 
100.286847 
19.657717 
13.147367 
34.021808 
18.505328 
22.210593 
15.776449 
29.898944 
16.453665 
15.530646 
8.389277 
26.383763 
27.161971 
18.339678 
20.255819 
10.807695 
19.411814 
10.177232 
12.930768 
11.846248 
10.869613 
11.667070 
9.289570 
20.659798 
12.818366 
12.444620 
10.922101 
14.810038 
12.322627 
10.497633 
11.879327 
11.671195 
14.358819 
22.798294 
2131.743356 
828.304982 
18.669160 
22.210593 
18.537086 
100.286847 
19.657717 
13.147367 
34.021808 
18.505328 
22.210593 
15.776449 
29.898944 
16.453665 
15.530646 
8.389277 
26.383763 
27.161971 
18.339678 
20.255819 
10.807695 
19.411814 
10.177232 
12.930768 
11.846248 
10.869613 
11.667070 
9.289570 
20.659798 
12.818366 
12.444620 
10.922101 
14.810038 
12.322627 
10.497633 
11.879327 
11.671195 
14.358819 
22.798294 
2131.743356 
828.304982 
18.669160 
22.210593 
18.537086 
100.286847 
19.657717 
13.147367 
34.021808 
18.505328 
22.210593 
15.776449 
29.898944 
16.453665 
15.530646 
8.389277 
26.383763 
27.161971 
18.339678 
20.255819 
10.807695 
19.411814 
10.177232 
12.930768 
11.846248 
10.869613 
11.667070 
9.289570 
20.659798 
12.818366 
12.444620 
10.922101 
14.810038 
12.322627 
10.497633 
11.879327 
11.671195 
14.358819 
22.798294 
2131.743356 
828.304982 
18.669160 
22.210593 
18.537086 
100.286847 
19.657717 
13.147367 
34.021808 
18.505328 
22.210593 
15.776449 
29.898944 
16.453665 
15.530646 
8.389277 
26.383763 
27.161971 
18.339678 
20.255819 
10.807695 
19.411814 
10.177232 
12.930768 
11.846248 
10.869613 
11.667070 
9.289570 
20.659798 
12.818366 
12.444620 
10.922101 
14.810038 
12.322627 
10.497633 
11.879327 
11.671195 
14.358819 
22.798294 
