2146.149145 
863.434136 
13.946425 
15.378110 
17.773832 
106.084166 
26.431603 
17.442824 
22.085384 
12.240038 
15.378110 
13.869835 
30.638514 
18.879247 
16.360745 
11.825271 
17.399879 
24.772485 
16.296760 
22.815551 
7.840693 
17.156095 
11.537330 
11.793583 
12.630122 
17.588678 
11.246981 
8.294578 
15.316696 
15.520433 
10.571788 
10.025817 
9.552165 
10.231253 
12.961278 
8.014271 
9.414562 
12.927305 
22.226302 
2146.149145 
863.434136 
13.946425 
15.378110 
17.773832 
106.084166 
26.431603 
17.442824 
22.085384 
12.240038 
15.378110 
13.869835 
30.638514 
18.879247 
16.360745 
11.825271 
17.399879 
24.772485 
16.296760 
22.815551 
7.840693 
17.156095 
11.537330 
11.793583 
12.630122 
17.588678 
11.246981 
8.294578 
15.316696 
15.520433 
10.571788 
10.025817 
9.552165 
10.231253 
12.961278 
8.014271 
9.414562 
12.927305 
22.226302 
2146.149145 
863.434136 
13.946425 
15.378110 
17.773832 
106.084166 
26.431603 
17.442824 
22.085384 
12.240038 
15.378110 
13.869835 
30.638514 
18.879247 
16.360745 
11.825271 
17.399879 
24.772485 
16.296760 
22.815551 
7.840693 
17.156095 
11.537330 
11.793583 
12.630122 
17.588678 
11.246981 
8.294578 
15.316696 
15.520433 
10.571788 
10.025817 
9.552165 
10.231253 
12.961278 
8.014271 
9.414562 
12.927305 
22.226302 
2146.149145 
863.434136 
13.946425 
15.378110 
17.773832 
106.084166 
26.431603 
17.442824 
22.085384 
12.240038 
15.378110 
13.869835 
30.638514 
18.879247 
16.360745 
11.825271 
17.399879 
24.772485 
16.296760 
22.815551 
7.840693 
17.156095 
11.537330 
11.793583 
12.630122 
17.588678 
11.246981 
8.294578 
15.316696 
15.520433 
10.571788 
10.025817 
9.552165 
10.231253 
12.961278 
8.014271 
9.414562 
12.927305 
22.226302 
2146.149145 
863.434136 
13.946425 
15.378110 
17.773832 
106.084166 
26.431603 
17.442824 
22.085384 
12.240038 
15.378110 
13.869835 
30.638514 
18.879247 
16.360745 
11.825271 
17.399879 
24.772485 
16.296760 
22.815551 
7.840693 
17.156095 
11.537330 
11.793583 
12.630122 
17.588678 
11.246981 
8.294578 
15.316696 
15.520433 
10.571788 
10.025817 
9.552165 
10.231253 
12.961278 
8.014271 
9.414562 
12.927305 
22.226302 
