2122.715251 
859.607332 
15.660908 
14.519654 
18.625575 
100.045928 
22.913403 
17.227999 
27.833030 
17.502293 
14.519654 
15.757262 
32.851270 
21.037307 
22.411054 
11.222440 
26.243639 
18.895215 
20.879369 
21.278123 
11.733374 
12.717672 
9.795107 
10.515020 
8.730740 
6.847193 
8.116386 
8.026116 
19.535438 
14.860850 
13.049728 
10.004545 
9.693608 
11.052981 
14.224498 
9.554157 
9.633819 
10.048940 
22.736247 
2122.715251 
859.607332 
15.660908 
14.519654 
18.625575 
100.045928 
22.913403 
17.227999 
27.833030 
17.502293 
14.519654 
15.757262 
32.851270 
21.037307 
22.411054 
11.222440 
26.243639 
18.895215 
20.879369 
21.278123 
11.733374 
12.717672 
9.795107 
10.515020 
8.730740 
6.847193 
8.116386 
8.026116 
19.535438 
14.860850 
13.049728 
10.004545 
9.693608 
11.052981 
14.224498 
9.554157 
9.633819 
10.048940 
22.736247 
2122.715251 
859.607332 
15.660908 
14.519654 
18.625575 
100.045928 
22.913403 
17.227999 
27.833030 
17.502293 
14.519654 
15.757262 
32.851270 
21.037307 
22.411054 
11.222440 
26.243639 
18.895215 
20.879369 
21.278123 
11.733374 
12.717672 
9.795107 
10.515020 
8.730740 
6.847193 
8.116386 
8.026116 
19.535438 
14.860850 
13.049728 
10.004545 
9.693608 
11.052981 
14.224498 
9.554157 
9.633819 
10.048940 
22.736247 
2122.715251 
859.607332 
15.660908 
14.519654 
18.625575 
100.045928 
22.913403 
17.227999 
27.833030 
17.502293 
14.519654 
15.757262 
32.851270 
21.037307 
22.411054 
11.222440 
26.243639 
18.895215 
20.879369 
21.278123 
11.733374 
12.717672 
9.795107 
10.515020 
8.730740 
6.847193 
8.116386 
8.026116 
19.535438 
14.860850 
13.049728 
10.004545 
9.693608 
11.052981 
14.224498 
9.554157 
9.633819 
10.048940 
22.736247 
2122.715251 
859.607332 
15.660908 
14.519654 
18.625575 
100.045928 
22.913403 
17.227999 
27.833030 
17.502293 
14.519654 
15.757262 
32.851270 
21.037307 
22.411054 
11.222440 
26.243639 
18.895215 
20.879369 
21.278123 
11.733374 
12.717672 
9.795107 
10.515020 
8.730740 
6.847193 
8.116386 
8.026116 
19.535438 
14.860850 
13.049728 
10.004545 
9.693608 
11.052981 
14.224498 
9.554157 
9.633819 
10.048940 
22.736247 
