2054.952658 
817.147040 
16.386491 
19.552947 
20.286755 
86.141630 
36.543125 
20.985981 
30.948508 
19.624245 
19.552947 
22.020097 
43.621213 
16.105861 
18.312061 
14.773618 
20.704267 
17.100270 
17.158177 
16.471728 
11.250720 
16.332516 
17.227177 
12.378823 
13.011507 
8.737656 
12.544056 
10.237622 
10.670361 
12.662060 
10.247411 
13.370564 
11.014574 
15.426178 
11.258885 
9.094123 
11.610451 
19.955053 
25.218990 
2054.952658 
817.147040 
16.386491 
19.552947 
20.286755 
86.141630 
36.543125 
20.985981 
30.948508 
19.624245 
19.552947 
22.020097 
43.621213 
16.105861 
18.312061 
14.773618 
20.704267 
17.100270 
17.158177 
16.471728 
11.250720 
16.332516 
17.227177 
12.378823 
13.011507 
8.737656 
12.544056 
10.237622 
10.670361 
12.662060 
10.247411 
13.370564 
11.014574 
15.426178 
11.258885 
9.094123 
11.610451 
19.955053 
25.218990 
2054.952658 
817.147040 
16.386491 
19.552947 
20.286755 
86.141630 
36.543125 
20.985981 
30.948508 
19.624245 
19.552947 
22.020097 
43.621213 
16.105861 
18.312061 
14.773618 
20.704267 
17.100270 
17.158177 
16.471728 
11.250720 
16.332516 
17.227177 
12.378823 
13.011507 
8.737656 
12.544056 
10.237622 
10.670361 
12.662060 
10.247411 
13.370564 
11.014574 
15.426178 
11.258885 
9.094123 
11.610451 
19.955053 
25.218990 
2054.952658 
817.147040 
16.386491 
19.552947 
20.286755 
86.141630 
36.543125 
20.985981 
30.948508 
19.624245 
19.552947 
22.020097 
43.621213 
16.105861 
18.312061 
14.773618 
20.704267 
17.100270 
17.158177 
16.471728 
11.250720 
16.332516 
17.227177 
12.378823 
13.011507 
8.737656 
12.544056 
10.237622 
10.670361 
12.662060 
10.247411 
13.370564 
11.014574 
15.426178 
11.258885 
9.094123 
11.610451 
19.955053 
25.218990 
2054.952658 
817.147040 
16.386491 
19.552947 
20.286755 
86.141630 
36.543125 
20.985981 
30.948508 
19.624245 
19.552947 
22.020097 
43.621213 
16.105861 
18.312061 
14.773618 
20.704267 
17.100270 
17.158177 
16.471728 
11.250720 
16.332516 
17.227177 
12.378823 
13.011507 
8.737656 
12.544056 
10.237622 
10.670361 
12.662060 
10.247411 
13.370564 
11.014574 
15.426178 
11.258885 
9.094123 
11.610451 
19.955053 
25.218990 
