2197.492735 
856.316476 
13.571450 
14.172593 
16.995627 
112.106150 
22.946288 
22.952801 
25.742220 
15.864928 
14.172593 
11.485637 
33.239250 
11.991310 
12.156925 
10.945562 
19.234978 
25.753957 
16.742600 
14.425162 
13.060030 
13.055676 
13.018829 
8.201672 
11.146585 
14.632733 
9.152102 
7.169638 
18.591165 
14.636980 
15.012198 
11.275559 
14.938968 
10.118861 
13.287759 
9.630700 
10.360637 
14.854347 
15.423486 
2197.492735 
856.316476 
13.571450 
14.172593 
16.995627 
112.106150 
22.946288 
22.952801 
25.742220 
15.864928 
14.172593 
11.485637 
33.239250 
11.991310 
12.156925 
10.945562 
19.234978 
25.753957 
16.742600 
14.425162 
13.060030 
13.055676 
13.018829 
8.201672 
11.146585 
14.632733 
9.152102 
7.169638 
18.591165 
14.636980 
15.012198 
11.275559 
14.938968 
10.118861 
13.287759 
9.630700 
10.360637 
14.854347 
15.423486 
2197.492735 
856.316476 
13.571450 
14.172593 
16.995627 
112.106150 
22.946288 
22.952801 
25.742220 
15.864928 
14.172593 
11.485637 
33.239250 
11.991310 
12.156925 
10.945562 
19.234978 
25.753957 
16.742600 
14.425162 
13.060030 
13.055676 
13.018829 
8.201672 
11.146585 
14.632733 
9.152102 
7.169638 
18.591165 
14.636980 
15.012198 
11.275559 
14.938968 
10.118861 
13.287759 
9.630700 
10.360637 
14.854347 
15.423486 
2197.492735 
856.316476 
13.571450 
14.172593 
16.995627 
112.106150 
22.946288 
22.952801 
25.742220 
15.864928 
14.172593 
11.485637 
33.239250 
11.991310 
12.156925 
10.945562 
19.234978 
25.753957 
16.742600 
14.425162 
13.060030 
13.055676 
13.018829 
8.201672 
11.146585 
14.632733 
9.152102 
7.169638 
18.591165 
14.636980 
15.012198 
11.275559 
14.938968 
10.118861 
13.287759 
9.630700 
10.360637 
14.854347 
15.423486 
2197.492735 
856.316476 
13.571450 
14.172593 
16.995627 
112.106150 
22.946288 
22.952801 
25.742220 
15.864928 
14.172593 
11.485637 
33.239250 
11.991310 
12.156925 
10.945562 
19.234978 
25.753957 
16.742600 
14.425162 
13.060030 
13.055676 
13.018829 
8.201672 
11.146585 
14.632733 
9.152102 
7.169638 
18.591165 
14.636980 
15.012198 
11.275559 
14.938968 
10.118861 
13.287759 
9.630700 
10.360637 
14.854347 
15.423486 
