2020.247451 
806.521029 
15.973475 
19.856786 
19.311182 
96.866099 
36.359591 
20.959247 
36.135429 
18.846097 
19.856786 
16.186793 
40.386792 
14.902464 
20.349989 
10.495155 
18.746288 
20.274785 
14.589869 
21.248770 
15.346513 
18.221112 
8.010776 
9.552366 
12.534316 
13.930875 
9.824362 
8.870627 
14.032076 
11.645982 
11.753337 
12.784737 
11.688108 
13.032751 
10.845348 
7.299350 
9.637494 
12.436221 
27.177821 
2020.247451 
806.521029 
15.973475 
19.856786 
19.311182 
96.866099 
36.359591 
20.959247 
36.135429 
18.846097 
19.856786 
16.186793 
40.386792 
14.902464 
20.349989 
10.495155 
18.746288 
20.274785 
14.589869 
21.248770 
15.346513 
18.221112 
8.010776 
9.552366 
12.534316 
13.930875 
9.824362 
8.870627 
14.032076 
11.645982 
11.753337 
12.784737 
11.688108 
13.032751 
10.845348 
7.299350 
9.637494 
12.436221 
27.177821 
2020.247451 
806.521029 
15.973475 
19.856786 
19.311182 
96.866099 
36.359591 
20.959247 
36.135429 
18.846097 
19.856786 
16.186793 
40.386792 
14.902464 
20.349989 
10.495155 
18.746288 
20.274785 
14.589869 
21.248770 
15.346513 
18.221112 
8.010776 
9.552366 
12.534316 
13.930875 
9.824362 
8.870627 
14.032076 
11.645982 
11.753337 
12.784737 
11.688108 
13.032751 
10.845348 
7.299350 
9.637494 
12.436221 
27.177821 
2020.247451 
806.521029 
15.973475 
19.856786 
19.311182 
96.866099 
36.359591 
20.959247 
36.135429 
18.846097 
19.856786 
16.186793 
40.386792 
14.902464 
20.349989 
10.495155 
18.746288 
20.274785 
14.589869 
21.248770 
15.346513 
18.221112 
8.010776 
9.552366 
12.534316 
13.930875 
9.824362 
8.870627 
14.032076 
11.645982 
11.753337 
12.784737 
11.688108 
13.032751 
10.845348 
7.299350 
9.637494 
12.436221 
27.177821 
2020.247451 
806.521029 
15.973475 
19.856786 
19.311182 
96.866099 
36.359591 
20.959247 
36.135429 
18.846097 
19.856786 
16.186793 
40.386792 
14.902464 
20.349989 
10.495155 
18.746288 
20.274785 
14.589869 
21.248770 
15.346513 
18.221112 
8.010776 
9.552366 
12.534316 
13.930875 
9.824362 
8.870627 
14.032076 
11.645982 
11.753337 
12.784737 
11.688108 
13.032751 
10.845348 
7.299350 
9.637494 
12.436221 
27.177821 
