2140.136974 
837.690845 
18.666917 
26.750160 
17.352210 
73.390854 
23.189770 
17.823941 
29.732124 
20.005365 
26.750160 
13.249068 
26.069551 
17.218785 
23.723098 
18.699181 
24.293111 
20.983026 
24.839860 
16.454788 
12.767896 
12.777528 
8.958177 
13.400006 
14.477953 
11.075817 
14.012521 
9.163017 
15.778286 
14.206166 
14.062917 
10.649657 
18.912938 
14.692137 
9.372583 
10.819477 
12.631363 
13.669143 
16.134078 
2140.136974 
837.690845 
18.666917 
26.750160 
17.352210 
73.390854 
23.189770 
17.823941 
29.732124 
20.005365 
26.750160 
13.249068 
26.069551 
17.218785 
23.723098 
18.699181 
24.293111 
20.983026 
24.839860 
16.454788 
12.767896 
12.777528 
8.958177 
13.400006 
14.477953 
11.075817 
14.012521 
9.163017 
15.778286 
14.206166 
14.062917 
10.649657 
18.912938 
14.692137 
9.372583 
10.819477 
12.631363 
13.669143 
16.134078 
2140.136974 
837.690845 
18.666917 
26.750160 
17.352210 
73.390854 
23.189770 
17.823941 
29.732124 
20.005365 
26.750160 
13.249068 
26.069551 
17.218785 
23.723098 
18.699181 
24.293111 
20.983026 
24.839860 
16.454788 
12.767896 
12.777528 
8.958177 
13.400006 
14.477953 
11.075817 
14.012521 
9.163017 
15.778286 
14.206166 
14.062917 
10.649657 
18.912938 
14.692137 
9.372583 
10.819477 
12.631363 
13.669143 
16.134078 
2140.136974 
837.690845 
18.666917 
26.750160 
17.352210 
73.390854 
23.189770 
17.823941 
29.732124 
20.005365 
26.750160 
13.249068 
26.069551 
17.218785 
23.723098 
18.699181 
24.293111 
20.983026 
24.839860 
16.454788 
12.767896 
12.777528 
8.958177 
13.400006 
14.477953 
11.075817 
14.012521 
9.163017 
15.778286 
14.206166 
14.062917 
10.649657 
18.912938 
14.692137 
9.372583 
10.819477 
12.631363 
13.669143 
16.134078 
2140.136974 
837.690845 
18.666917 
26.750160 
17.352210 
73.390854 
23.189770 
17.823941 
29.732124 
20.005365 
26.750160 
13.249068 
26.069551 
17.218785 
23.723098 
18.699181 
24.293111 
20.983026 
24.839860 
16.454788 
12.767896 
12.777528 
8.958177 
13.400006 
14.477953 
11.075817 
14.012521 
9.163017 
15.778286 
14.206166 
14.062917 
10.649657 
18.912938 
14.692137 
9.372583 
10.819477 
12.631363 
13.669143 
16.134078 
