2145.762663 
858.256044 
16.297417 
18.321961 
17.234784 
93.226039 
24.979505 
25.779545 
26.699795 
21.690685 
18.321961 
12.986063 
52.778220 
16.833861 
19.468696 
19.539349 
33.417067 
27.570819 
19.539339 
15.334793 
11.273411 
11.245718 
13.896436 
11.720983 
12.874072 
13.627456 
11.669755 
9.422362 
12.524983 
13.475859 
10.529433 
13.298815 
15.551640 
13.793099 
13.363297 
6.993671 
10.241212 
24.132194 
25.795795 
2134.026109 
858.895906 
15.256310 
20.669734 
16.523764 
124.744647 
19.403450 
23.031799 
23.994018 
14.848451 
20.669734 
11.797929 
40.417508 
15.288168 
17.765915 
15.146530 
20.214100 
25.003418 
14.515497 
15.435184 
11.076205 
12.153129 
12.937338 
9.419426 
6.898359 
13.228334 
10.390257 
6.763726 
16.258401 
11.020450 
10.260119 
11.321772 
11.924353 
12.161823 
11.224023 
11.585028 
12.645483 
14.723406 
17.005953 
2134.026109 
858.895906 
15.256310 
20.669734 
16.523764 
124.744647 
19.403450 
23.031799 
23.994018 
14.848451 
20.669734 
11.797929 
40.417508 
15.288168 
17.765915 
15.146530 
20.214100 
25.003418 
14.515497 
15.435184 
11.076205 
12.153129 
12.937338 
9.419426 
6.898359 
13.228334 
10.390257 
6.763726 
16.258401 
11.020450 
10.260119 
11.321772 
11.924353 
12.161823 
11.224023 
11.585028 
12.645483 
14.723406 
17.005953 
2134.026109 
858.895906 
15.256310 
20.669734 
16.523764 
124.744647 
19.403450 
23.031799 
23.994018 
14.848451 
20.669734 
11.797929 
40.417508 
15.288168 
17.765915 
15.146530 
20.214100 
25.003418 
14.515497 
15.435184 
11.076205 
12.153129 
12.937338 
9.419426 
6.898359 
13.228334 
10.390257 
6.763726 
16.258401 
11.020450 
10.260119 
11.321772 
11.924353 
12.161823 
11.224023 
11.585028 
12.645483 
14.723406 
17.005953 
2134.026109 
858.895906 
15.256310 
20.669734 
16.523764 
124.744647 
19.403450 
23.031799 
23.994018 
14.848451 
20.669734 
11.797929 
40.417508 
15.288168 
17.765915 
15.146530 
20.214100 
25.003418 
14.515497 
15.435184 
11.076205 
12.153129 
12.937338 
9.419426 
6.898359 
13.228334 
10.390257 
6.763726 
16.258401 
11.020450 
10.260119 
11.321772 
11.924353 
12.161823 
11.224023 
11.585028 
12.645483 
14.723406 
17.005953 
