2135.761227 
830.512596 
18.066106 
21.783447 
21.070970 
82.862233 
23.473855 
25.160816 
30.321842 
15.843964 
21.783447 
14.020635 
29.881426 
18.436636 
21.646031 
11.210624 
22.034951 
22.500107 
15.467632 
14.999466 
12.455987 
17.643432 
7.458368 
13.864139 
9.958878 
12.177673 
9.356723 
9.163884 
14.050104 
7.233096 
8.627179 
11.336733 
8.656296 
13.415441 
9.894429 
9.714039 
12.368219 
12.556507 
27.941675 
2135.761227 
830.512596 
18.066106 
21.783447 
21.070970 
82.862233 
23.473855 
25.160816 
30.321842 
15.843964 
21.783447 
14.020635 
29.881426 
18.436636 
21.646031 
11.210624 
22.034951 
22.500107 
15.467632 
14.999466 
12.455987 
17.643432 
7.458368 
13.864139 
9.958878 
12.177673 
9.356723 
9.163884 
14.050104 
7.233096 
8.627179 
11.336733 
8.656296 
13.415441 
9.894429 
9.714039 
12.368219 
12.556507 
27.941675 
2135.761227 
830.512596 
18.066106 
21.783447 
21.070970 
82.862233 
23.473855 
25.160816 
30.321842 
15.843964 
21.783447 
14.020635 
29.881426 
18.436636 
21.646031 
11.210624 
22.034951 
22.500107 
15.467632 
14.999466 
12.455987 
17.643432 
7.458368 
13.864139 
9.958878 
12.177673 
9.356723 
9.163884 
14.050104 
7.233096 
8.627179 
11.336733 
8.656296 
13.415441 
9.894429 
9.714039 
12.368219 
12.556507 
27.941675 
2135.761227 
830.512596 
18.066106 
21.783447 
21.070970 
82.862233 
23.473855 
25.160816 
30.321842 
15.843964 
21.783447 
14.020635 
29.881426 
18.436636 
21.646031 
11.210624 
22.034951 
22.500107 
15.467632 
14.999466 
12.455987 
17.643432 
7.458368 
13.864139 
9.958878 
12.177673 
9.356723 
9.163884 
14.050104 
7.233096 
8.627179 
11.336733 
8.656296 
13.415441 
9.894429 
9.714039 
12.368219 
12.556507 
27.941675 
2135.761227 
830.512596 
18.066106 
21.783447 
21.070970 
82.862233 
23.473855 
25.160816 
30.321842 
15.843964 
21.783447 
14.020635 
29.881426 
18.436636 
21.646031 
11.210624 
22.034951 
22.500107 
15.467632 
14.999466 
12.455987 
17.643432 
7.458368 
13.864139 
9.958878 
12.177673 
9.356723 
9.163884 
14.050104 
7.233096 
8.627179 
11.336733 
8.656296 
13.415441 
9.894429 
9.714039 
12.368219 
12.556507 
27.941675 
