2125.259328 
830.375169 
24.310780 
21.923593 
26.244981 
111.192639 
49.541882 
33.607128 
20.510302 
22.929806 
21.923593 
21.756194 
38.410367 
27.432687 
28.191454 
21.188969 
24.780281 
25.994003 
18.443629 
23.855737 
20.434841 
8.188756 
18.833879 
22.118915 
12.741216 
13.485169 
38.727902 
11.260330 
65.162186 
48.310435 
22.658166 
36.262060 
50.312309 
19.586487 
31.283261 
25.096808 
19.262304 
46.692454 
18.441691 
2125.259328 
830.375169 
24.310780 
21.923593 
26.244981 
111.192639 
49.541882 
33.607128 
20.510302 
22.929806 
21.923593 
21.756194 
38.410367 
27.432687 
28.191454 
21.188969 
24.780281 
25.994003 
18.443629 
23.855737 
20.434841 
8.188756 
18.833879 
22.118915 
12.741216 
13.485169 
38.727902 
11.260330 
65.162186 
48.310435 
22.658166 
36.262060 
50.312309 
19.586487 
31.283261 
25.096808 
19.262304 
46.692454 
18.441691 
2125.259328 
830.375169 
24.310780 
21.923593 
26.244981 
111.192639 
49.541882 
33.607128 
20.510302 
22.929806 
21.923593 
21.756194 
38.410367 
27.432687 
28.191454 
21.188969 
24.780281 
25.994003 
18.443629 
23.855737 
20.434841 
8.188756 
18.833879 
22.118915 
12.741216 
13.485169 
38.727902 
11.260330 
65.162186 
48.310435 
22.658166 
36.262060 
50.312309 
19.586487 
31.283261 
25.096808 
19.262304 
46.692454 
18.441691 
2125.259328 
830.375169 
24.310780 
21.923593 
26.244981 
111.192639 
49.541882 
33.607128 
20.510302 
22.929806 
21.923593 
21.756194 
38.410367 
27.432687 
28.191454 
21.188969 
24.780281 
25.994003 
18.443629 
23.855737 
20.434841 
8.188756 
18.833879 
22.118915 
12.741216 
13.485169 
38.727902 
11.260330 
65.162186 
48.310435 
22.658166 
36.262060 
50.312309 
19.586487 
31.283261 
25.096808 
19.262304 
46.692454 
18.441691 
2125.259328 
830.375169 
24.310780 
21.923593 
26.244981 
111.192639 
49.541882 
33.607128 
20.510302 
22.929806 
21.923593 
21.756194 
38.410367 
27.432687 
28.191454 
21.188969 
24.780281 
25.994003 
18.443629 
23.855737 
20.434841 
8.188756 
18.833879 
22.118915 
12.741216 
13.485169 
38.727902 
11.260330 
65.162186 
48.310435 
22.658166 
36.262060 
50.312309 
19.586487 
31.283261 
25.096808 
19.262304 
46.692454 
18.441691 
