2070.472806 
813.342576 
22.872772 
18.227549 
21.897677 
105.959865 
44.511998 
23.775433 
32.600670 
11.365833 
18.227549 
26.270124 
22.205056 
32.471698 
15.908904 
20.911062 
23.950571 
28.736826 
15.850124 
24.023062 
18.242111 
17.596119 
42.808407 
21.333279 
19.854289 
39.516364 
46.234791 
11.710722 
17.988836 
10.808119 
15.512588 
49.714277 
17.091777 
18.256381 
32.199152 
21.668894 
18.088885 
16.913134 
9.447455 
2070.472806 
813.342576 
22.872772 
18.227549 
21.897677 
105.959865 
44.511998 
23.775433 
32.600670 
11.365833 
18.227549 
26.270124 
22.205056 
32.471698 
15.908904 
20.911062 
23.950571 
28.736826 
15.850124 
24.023062 
18.242111 
17.596119 
42.808407 
21.333279 
19.854289 
39.516364 
46.234791 
11.710722 
17.988836 
10.808119 
15.512588 
49.714277 
17.091777 
18.256381 
32.199152 
21.668894 
18.088885 
16.913134 
9.447455 
2070.472806 
813.342576 
22.872772 
18.227549 
21.897677 
105.959865 
44.511998 
23.775433 
32.600670 
11.365833 
18.227549 
26.270124 
22.205056 
32.471698 
15.908904 
20.911062 
23.950571 
28.736826 
15.850124 
24.023062 
18.242111 
17.596119 
42.808407 
21.333279 
19.854289 
39.516364 
46.234791 
11.710722 
17.988836 
10.808119 
15.512588 
49.714277 
17.091777 
18.256381 
32.199152 
21.668894 
18.088885 
16.913134 
9.447455 
2070.472806 
813.342576 
22.872772 
18.227549 
21.897677 
105.959865 
44.511998 
23.775433 
32.600670 
11.365833 
18.227549 
26.270124 
22.205056 
32.471698 
15.908904 
20.911062 
23.950571 
28.736826 
15.850124 
24.023062 
18.242111 
17.596119 
42.808407 
21.333279 
19.854289 
39.516364 
46.234791 
11.710722 
17.988836 
10.808119 
15.512588 
49.714277 
17.091777 
18.256381 
32.199152 
21.668894 
18.088885 
16.913134 
9.447455 
2070.472806 
813.342576 
22.872772 
18.227549 
21.897677 
105.959865 
44.511998 
23.775433 
32.600670 
11.365833 
18.227549 
26.270124 
22.205056 
32.471698 
15.908904 
20.911062 
23.950571 
28.736826 
15.850124 
24.023062 
18.242111 
17.596119 
42.808407 
21.333279 
19.854289 
39.516364 
46.234791 
11.710722 
17.988836 
10.808119 
15.512588 
49.714277 
17.091777 
18.256381 
32.199152 
21.668894 
18.088885 
16.913134 
9.447455 
