2033.664929 
799.659949 
17.980630 
19.506321 
18.426058 
66.743926 
34.946241 
15.161284 
24.946041 
10.346410 
19.506321 
14.031753 
26.793756 
21.148516 
15.096344 
16.037008 
24.431811 
16.631735 
22.935146 
13.108239 
15.394750 
19.978428 
28.515980 
11.651186 
11.646816 
50.602740 
32.592083 
9.474838 
34.739293 
24.533453 
14.322227 
38.641681 
47.275528 
16.846702 
35.446471 
18.861399 
15.034509 
34.929706 
12.013648 
2033.664929 
799.659949 
17.980630 
19.506321 
18.426058 
66.743926 
34.946241 
15.161284 
24.946041 
10.346410 
19.506321 
14.031753 
26.793756 
21.148516 
15.096344 
16.037008 
24.431811 
16.631735 
22.935146 
13.108239 
15.394750 
19.978428 
28.515980 
11.651186 
11.646816 
50.602740 
32.592083 
9.474838 
34.739293 
24.533453 
14.322227 
38.641681 
47.275528 
16.846702 
35.446471 
18.861399 
15.034509 
34.929706 
12.013648 
2033.664929 
799.659949 
17.980630 
19.506321 
18.426058 
66.743926 
34.946241 
15.161284 
24.946041 
10.346410 
19.506321 
14.031753 
26.793756 
21.148516 
15.096344 
16.037008 
24.431811 
16.631735 
22.935146 
13.108239 
15.394750 
19.978428 
28.515980 
11.651186 
11.646816 
50.602740 
32.592083 
9.474838 
34.739293 
24.533453 
14.322227 
38.641681 
47.275528 
16.846702 
35.446471 
18.861399 
15.034509 
34.929706 
12.013648 
2033.664929 
799.659949 
17.980630 
19.506321 
18.426058 
66.743926 
34.946241 
15.161284 
24.946041 
10.346410 
19.506321 
14.031753 
26.793756 
21.148516 
15.096344 
16.037008 
24.431811 
16.631735 
22.935146 
13.108239 
15.394750 
19.978428 
28.515980 
11.651186 
11.646816 
50.602740 
32.592083 
9.474838 
34.739293 
24.533453 
14.322227 
38.641681 
47.275528 
16.846702 
35.446471 
18.861399 
15.034509 
34.929706 
12.013648 
2033.664929 
799.659949 
17.980630 
19.506321 
18.426058 
66.743926 
34.946241 
15.161284 
24.946041 
10.346410 
19.506321 
14.031753 
26.793756 
21.148516 
15.096344 
16.037008 
24.431811 
16.631735 
22.935146 
13.108239 
15.394750 
19.978428 
28.515980 
11.651186 
11.646816 
50.602740 
32.592083 
9.474838 
34.739293 
24.533453 
14.322227 
38.641681 
47.275528 
16.846702 
35.446471 
18.861399 
15.034509 
34.929706 
12.013648 
