2088.997988 
811.681763 
23.148349 
22.846122 
22.234426 
67.435694 
32.222187 
19.318727 
24.438181 
20.310963 
22.846122 
17.723375 
24.400724 
27.345442 
36.454620 
20.927077 
17.178156 
20.206857 
23.090811 
21.205787 
11.511185 
14.149626 
25.273999 
12.775791 
13.701016 
30.840888 
45.887424 
19.868656 
47.349437 
42.599885 
20.213770 
41.075576 
62.789162 
21.014597 
20.186158 
19.590497 
18.202741 
47.474357 
12.640766 
2069.021935 
818.798398 
18.532017 
17.561083 
20.697409 
100.487160 
31.605885 
18.609948 
21.723351 
17.787877 
17.561083 
12.750789 
20.087689 
15.708340 
24.407446 
17.989014 
16.622000 
17.852267 
17.633329 
9.944392 
14.034382 
16.358530 
26.133304 
13.838885 
11.782648 
50.005039 
40.468956 
11.491093 
52.905834 
41.433050 
17.477968 
38.863290 
60.960152 
15.390573 
25.211626 
15.724383 
15.604367 
39.222724 
15.743341 
2069.021935 
818.798398 
18.532017 
17.561083 
20.697409 
100.487160 
31.605885 
18.609948 
21.723351 
17.787877 
17.561083 
12.750789 
20.087689 
15.708340 
24.407446 
17.989014 
16.622000 
17.852267 
17.633329 
9.944392 
14.034382 
16.358530 
26.133304 
13.838885 
11.782648 
50.005039 
40.468956 
11.491093 
52.905834 
41.433050 
17.477968 
38.863290 
60.960152 
15.390573 
25.211626 
15.724383 
15.604367 
39.222724 
15.743341 
2069.021935 
818.798398 
18.532017 
17.561083 
20.697409 
100.487160 
31.605885 
18.609948 
21.723351 
17.787877 
17.561083 
12.750789 
20.087689 
15.708340 
24.407446 
17.989014 
16.622000 
17.852267 
17.633329 
9.944392 
14.034382 
16.358530 
26.133304 
13.838885 
11.782648 
50.005039 
40.468956 
11.491093 
52.905834 
41.433050 
17.477968 
38.863290 
60.960152 
15.390573 
25.211626 
15.724383 
15.604367 
39.222724 
15.743341 
2069.021935 
818.798398 
18.532017 
17.561083 
20.697409 
100.487160 
31.605885 
18.609948 
21.723351 
17.787877 
17.561083 
12.750789 
20.087689 
15.708340 
24.407446 
17.989014 
16.622000 
17.852267 
17.633329 
9.944392 
14.034382 
16.358530 
26.133304 
13.838885 
11.782648 
50.005039 
40.468956 
11.491093 
52.905834 
41.433050 
17.477968 
38.863290 
60.960152 
15.390573 
25.211626 
15.724383 
15.604367 
39.222724 
15.743341 
