2039.344877 
807.063069 
18.294595 
19.656333 
19.180754 
77.694664 
29.626906 
20.305402 
23.224219 
16.899730 
19.656333 
14.168104 
33.792961 
26.496450 
21.978043 
17.709024 
26.161247 
25.338711 
21.805457 
14.913906 
16.492531 
8.886657 
18.658451 
15.897744 
10.392240 
28.108568 
42.560086 
11.917492 
37.138675 
32.594204 
17.471611 
44.245443 
59.548394 
16.530935 
31.663597 
15.942494 
16.177165 
33.314022 
12.182306 
2039.344877 
807.063069 
18.294595 
19.656333 
19.180754 
77.694664 
29.626906 
20.305402 
23.224219 
16.899730 
19.656333 
14.168104 
33.792961 
26.496450 
21.978043 
17.709024 
26.161247 
25.338711 
21.805457 
14.913906 
16.492531 
8.886657 
18.658451 
15.897744 
10.392240 
28.108568 
42.560086 
11.917492 
37.138675 
32.594204 
17.471611 
44.245443 
59.548394 
16.530935 
31.663597 
15.942494 
16.177165 
33.314022 
12.182306 
2039.344877 
807.063069 
18.294595 
19.656333 
19.180754 
77.694664 
29.626906 
20.305402 
23.224219 
16.899730 
19.656333 
14.168104 
33.792961 
26.496450 
21.978043 
17.709024 
26.161247 
25.338711 
21.805457 
14.913906 
16.492531 
8.886657 
18.658451 
15.897744 
10.392240 
28.108568 
42.560086 
11.917492 
37.138675 
32.594204 
17.471611 
44.245443 
59.548394 
16.530935 
31.663597 
15.942494 
16.177165 
33.314022 
12.182306 
2039.344877 
807.063069 
18.294595 
19.656333 
19.180754 
77.694664 
29.626906 
20.305402 
23.224219 
16.899730 
19.656333 
14.168104 
33.792961 
26.496450 
21.978043 
17.709024 
26.161247 
25.338711 
21.805457 
14.913906 
16.492531 
8.886657 
18.658451 
15.897744 
10.392240 
28.108568 
42.560086 
11.917492 
37.138675 
32.594204 
17.471611 
44.245443 
59.548394 
16.530935 
31.663597 
15.942494 
16.177165 
33.314022 
12.182306 
2039.344877 
807.063069 
18.294595 
19.656333 
19.180754 
77.694664 
29.626906 
20.305402 
23.224219 
16.899730 
19.656333 
14.168104 
33.792961 
26.496450 
21.978043 
17.709024 
26.161247 
25.338711 
21.805457 
14.913906 
16.492531 
8.886657 
18.658451 
15.897744 
10.392240 
28.108568 
42.560086 
11.917492 
37.138675 
32.594204 
17.471611 
44.245443 
59.548394 
16.530935 
31.663597 
15.942494 
16.177165 
33.314022 
12.182306 
