2105.323073 
829.093218 
18.373330 
17.407402 
20.297987 
100.032530 
37.007721 
23.306180 
20.026930 
24.655584 
17.407402 
10.181384 
28.929839 
21.396649 
21.413783 
24.475948 
17.012809 
18.241425 
14.159774 
11.845354 
6.067305 
13.791741 
45.161918 
23.161092 
15.986337 
57.677633 
46.205047 
12.393782 
53.247819 
44.973251 
21.424988 
39.717508 
61.255712 
16.411407 
22.774773 
12.243170 
14.541272 
45.080180 
14.195076 
2105.323073 
829.093218 
18.373330 
17.407402 
20.297987 
100.032530 
37.007721 
23.306180 
20.026930 
24.655584 
17.407402 
10.181384 
28.929839 
21.396649 
21.413783 
24.475948 
17.012809 
18.241425 
14.159774 
11.845354 
6.067305 
13.791741 
45.161918 
23.161092 
15.986337 
57.677633 
46.205047 
12.393782 
53.247819 
44.973251 
21.424988 
39.717508 
61.255712 
16.411407 
22.774773 
12.243170 
14.541272 
45.080180 
14.195076 
2105.323073 
829.093218 
18.373330 
17.407402 
20.297987 
100.032530 
37.007721 
23.306180 
20.026930 
24.655584 
17.407402 
10.181384 
28.929839 
21.396649 
21.413783 
24.475948 
17.012809 
18.241425 
14.159774 
11.845354 
6.067305 
13.791741 
45.161918 
23.161092 
15.986337 
57.677633 
46.205047 
12.393782 
53.247819 
44.973251 
21.424988 
39.717508 
61.255712 
16.411407 
22.774773 
12.243170 
14.541272 
45.080180 
14.195076 
2105.323073 
829.093218 
18.373330 
17.407402 
20.297987 
100.032530 
37.007721 
23.306180 
20.026930 
24.655584 
17.407402 
10.181384 
28.929839 
21.396649 
21.413783 
24.475948 
17.012809 
18.241425 
14.159774 
11.845354 
6.067305 
13.791741 
45.161918 
23.161092 
15.986337 
57.677633 
46.205047 
12.393782 
53.247819 
44.973251 
21.424988 
39.717508 
61.255712 
16.411407 
22.774773 
12.243170 
14.541272 
45.080180 
14.195076 
2105.323073 
829.093218 
18.373330 
17.407402 
20.297987 
100.032530 
37.007721 
23.306180 
20.026930 
24.655584 
17.407402 
10.181384 
28.929839 
21.396649 
21.413783 
24.475948 
17.012809 
18.241425 
14.159774 
11.845354 
6.067305 
13.791741 
45.161918 
23.161092 
15.986337 
57.677633 
46.205047 
12.393782 
53.247819 
44.973251 
21.424988 
39.717508 
61.255712 
16.411407 
22.774773 
12.243170 
14.541272 
45.080180 
14.195076 
