2044.137566 
812.369450 
16.040469 
17.664383 
16.295969 
87.989735 
26.302994 
12.777826 
14.630750 
9.733502 
17.664383 
12.853538 
17.919641 
14.453277 
13.473462 
17.005397 
24.378794 
15.347668 
9.529572 
17.092510 
12.889240 
12.212429 
24.554671 
11.166953 
10.311024 
16.398841 
44.173081 
8.090009 
8.569964 
22.043327 
14.590092 
46.565793 
37.930846 
14.557946 
50.662880 
9.770918 
12.365941 
15.111924 
10.454134 
2044.137566 
812.369450 
16.040469 
17.664383 
16.295969 
87.989735 
26.302994 
12.777826 
14.630750 
9.733502 
17.664383 
12.853538 
17.919641 
14.453277 
13.473462 
17.005397 
24.378794 
15.347668 
9.529572 
17.092510 
12.889240 
12.212429 
24.554671 
11.166953 
10.311024 
16.398841 
44.173081 
8.090009 
8.569964 
22.043327 
14.590092 
46.565793 
37.930846 
14.557946 
50.662880 
9.770918 
12.365941 
15.111924 
10.454134 
2044.137566 
812.369450 
16.040469 
17.664383 
16.295969 
87.989735 
26.302994 
12.777826 
14.630750 
9.733502 
17.664383 
12.853538 
17.919641 
14.453277 
13.473462 
17.005397 
24.378794 
15.347668 
9.529572 
17.092510 
12.889240 
12.212429 
24.554671 
11.166953 
10.311024 
16.398841 
44.173081 
8.090009 
8.569964 
22.043327 
14.590092 
46.565793 
37.930846 
14.557946 
50.662880 
9.770918 
12.365941 
15.111924 
10.454134 
2044.137566 
812.369450 
16.040469 
17.664383 
16.295969 
87.989735 
26.302994 
12.777826 
14.630750 
9.733502 
17.664383 
12.853538 
17.919641 
14.453277 
13.473462 
17.005397 
24.378794 
15.347668 
9.529572 
17.092510 
12.889240 
12.212429 
24.554671 
11.166953 
10.311024 
16.398841 
44.173081 
8.090009 
8.569964 
22.043327 
14.590092 
46.565793 
37.930846 
14.557946 
50.662880 
9.770918 
12.365941 
15.111924 
10.454134 
2044.137566 
812.369450 
16.040469 
17.664383 
16.295969 
87.989735 
26.302994 
12.777826 
14.630750 
9.733502 
17.664383 
12.853538 
17.919641 
14.453277 
13.473462 
17.005397 
24.378794 
15.347668 
9.529572 
17.092510 
12.889240 
12.212429 
24.554671 
11.166953 
10.311024 
16.398841 
44.173081 
8.090009 
8.569964 
22.043327 
14.590092 
46.565793 
37.930846 
14.557946 
50.662880 
9.770918 
12.365941 
15.111924 
10.454134 
