2033.706832 
803.453043 
17.379780 
19.374674 
18.283138 
69.871336 
30.493831 
12.830450 
24.261124 
17.453565 
19.374674 
18.034488 
31.952379 
14.051528 
17.837889 
17.649390 
25.490702 
18.891749 
16.208082 
19.922776 
13.369482 
19.709146 
26.535499 
11.665951 
12.287725 
32.909948 
38.785703 
9.958320 
8.030161 
21.171812 
15.449162 
45.049310 
30.289065 
15.343531 
37.059663 
15.703790 
15.119668 
12.759533 
8.441485 
2033.706832 
803.453043 
17.379780 
19.374674 
18.283138 
69.871336 
30.493831 
12.830450 
24.261124 
17.453565 
19.374674 
18.034488 
31.952379 
14.051528 
17.837889 
17.649390 
25.490702 
18.891749 
16.208082 
19.922776 
13.369482 
19.709146 
26.535499 
11.665951 
12.287725 
32.909948 
38.785703 
9.958320 
8.030161 
21.171812 
15.449162 
45.049310 
30.289065 
15.343531 
37.059663 
15.703790 
15.119668 
12.759533 
8.441485 
2033.706832 
803.453043 
17.379780 
19.374674 
18.283138 
69.871336 
30.493831 
12.830450 
24.261124 
17.453565 
19.374674 
18.034488 
31.952379 
14.051528 
17.837889 
17.649390 
25.490702 
18.891749 
16.208082 
19.922776 
13.369482 
19.709146 
26.535499 
11.665951 
12.287725 
32.909948 
38.785703 
9.958320 
8.030161 
21.171812 
15.449162 
45.049310 
30.289065 
15.343531 
37.059663 
15.703790 
15.119668 
12.759533 
8.441485 
2033.706832 
803.453043 
17.379780 
19.374674 
18.283138 
69.871336 
30.493831 
12.830450 
24.261124 
17.453565 
19.374674 
18.034488 
31.952379 
14.051528 
17.837889 
17.649390 
25.490702 
18.891749 
16.208082 
19.922776 
13.369482 
19.709146 
26.535499 
11.665951 
12.287725 
32.909948 
38.785703 
9.958320 
8.030161 
21.171812 
15.449162 
45.049310 
30.289065 
15.343531 
37.059663 
15.703790 
15.119668 
12.759533 
8.441485 
2033.706832 
803.453043 
17.379780 
19.374674 
18.283138 
69.871336 
30.493831 
12.830450 
24.261124 
17.453565 
19.374674 
18.034488 
31.952379 
14.051528 
17.837889 
17.649390 
25.490702 
18.891749 
16.208082 
19.922776 
13.369482 
19.709146 
26.535499 
11.665951 
12.287725 
32.909948 
38.785703 
9.958320 
8.030161 
21.171812 
15.449162 
45.049310 
30.289065 
15.343531 
37.059663 
15.703790 
15.119668 
12.759533 
8.441485 
