2088.997988 
811.681763 
23.148349 
22.846122 
22.234426 
67.435694 
32.222187 
19.318727 
24.438181 
20.310963 
22.846122 
17.723375 
24.400724 
27.345442 
36.454620 
20.927077 
17.178156 
20.206857 
23.090811 
21.205787 
11.511185 
14.149626 
25.273999 
12.775791 
13.701016 
30.840888 
45.887424 
19.868656 
47.349437 
42.599885 
20.213770 
41.075576 
62.789162 
21.014597 
20.186158 
19.590497 
18.202741 
47.474357 
12.640766 
2088.997988 
811.681763 
23.148349 
22.846122 
22.234426 
67.435694 
32.222187 
19.318727 
24.438181 
20.310963 
22.846122 
17.723375 
24.400724 
27.345442 
36.454620 
20.927077 
17.178156 
20.206857 
23.090811 
21.205787 
11.511185 
14.149626 
25.273999 
12.775791 
13.701016 
30.840888 
45.887424 
19.868656 
47.349437 
42.599885 
20.213770 
41.075576 
62.789162 
21.014597 
20.186158 
19.590497 
18.202741 
47.474357 
12.640766 
2088.997988 
811.681763 
23.148349 
22.846122 
22.234426 
67.435694 
32.222187 
19.318727 
24.438181 
20.310963 
22.846122 
17.723375 
24.400724 
27.345442 
36.454620 
20.927077 
17.178156 
20.206857 
23.090811 
21.205787 
11.511185 
14.149626 
25.273999 
12.775791 
13.701016 
30.840888 
45.887424 
19.868656 
47.349437 
42.599885 
20.213770 
41.075576 
62.789162 
21.014597 
20.186158 
19.590497 
18.202741 
47.474357 
12.640766 
2088.997988 
811.681763 
23.148349 
22.846122 
22.234426 
67.435694 
32.222187 
19.318727 
24.438181 
20.310963 
22.846122 
17.723375 
24.400724 
27.345442 
36.454620 
20.927077 
17.178156 
20.206857 
23.090811 
21.205787 
11.511185 
14.149626 
25.273999 
12.775791 
13.701016 
30.840888 
45.887424 
19.868656 
47.349437 
42.599885 
20.213770 
41.075576 
62.789162 
21.014597 
20.186158 
19.590497 
18.202741 
47.474357 
12.640766 
2088.997988 
811.681763 
23.148349 
22.846122 
22.234426 
67.435694 
32.222187 
19.318727 
24.438181 
20.310963 
22.846122 
17.723375 
24.400724 
27.345442 
36.454620 
20.927077 
17.178156 
20.206857 
23.090811 
21.205787 
11.511185 
14.149626 
25.273999 
12.775791 
13.701016 
30.840888 
45.887424 
19.868656 
47.349437 
42.599885 
20.213770 
41.075576 
62.789162 
21.014597 
20.186158 
19.590497 
18.202741 
47.474357 
12.640766 
