2045.450131 
813.360732 
18.316117 
20.604976 
18.850657 
96.894842 
34.263370 
19.445245 
20.577611 
18.750594 
20.604976 
12.634610 
21.189882 
15.746570 
25.592712 
19.183534 
19.353561 
16.116890 
19.805859 
15.063392 
10.660656 
14.756782 
31.368926 
13.252801 
13.781261 
46.613556 
42.994990 
10.153057 
40.961926 
36.832186 
18.271096 
43.000157 
67.366415 
17.197319 
33.547354 
13.217188 
15.563784 
30.863291 
11.361374 
2045.450131 
813.360732 
18.316117 
20.604976 
18.850657 
96.894842 
34.263370 
19.445245 
20.577611 
18.750594 
20.604976 
12.634610 
21.189882 
15.746570 
25.592712 
19.183534 
19.353561 
16.116890 
19.805859 
15.063392 
10.660656 
14.756782 
31.368926 
13.252801 
13.781261 
46.613556 
42.994990 
10.153057 
40.961926 
36.832186 
18.271096 
43.000157 
67.366415 
17.197319 
33.547354 
13.217188 
15.563784 
30.863291 
11.361374 
2045.450131 
813.360732 
18.316117 
20.604976 
18.850657 
96.894842 
34.263370 
19.445245 
20.577611 
18.750594 
20.604976 
12.634610 
21.189882 
15.746570 
25.592712 
19.183534 
19.353561 
16.116890 
19.805859 
15.063392 
10.660656 
14.756782 
31.368926 
13.252801 
13.781261 
46.613556 
42.994990 
10.153057 
40.961926 
36.832186 
18.271096 
43.000157 
67.366415 
17.197319 
33.547354 
13.217188 
15.563784 
30.863291 
11.361374 
2045.450131 
813.360732 
18.316117 
20.604976 
18.850657 
96.894842 
34.263370 
19.445245 
20.577611 
18.750594 
20.604976 
12.634610 
21.189882 
15.746570 
25.592712 
19.183534 
19.353561 
16.116890 
19.805859 
15.063392 
10.660656 
14.756782 
31.368926 
13.252801 
13.781261 
46.613556 
42.994990 
10.153057 
40.961926 
36.832186 
18.271096 
43.000157 
67.366415 
17.197319 
33.547354 
13.217188 
15.563784 
30.863291 
11.361374 
2045.450131 
813.360732 
18.316117 
20.604976 
18.850657 
96.894842 
34.263370 
19.445245 
20.577611 
18.750594 
20.604976 
12.634610 
21.189882 
15.746570 
25.592712 
19.183534 
19.353561 
16.116890 
19.805859 
15.063392 
10.660656 
14.756782 
31.368926 
13.252801 
13.781261 
46.613556 
42.994990 
10.153057 
40.961926 
36.832186 
18.271096 
43.000157 
67.366415 
17.197319 
33.547354 
13.217188 
15.563784 
30.863291 
11.361374 
