1988.156559 
779.574568 
19.247918 
20.634908 
19.701423 
78.602387 
49.889957 
25.571466 
27.298884 
12.588570 
20.634908 
27.666679 
25.798774 
16.874804 
23.852934 
21.644712 
26.598375 
21.742686 
16.952286 
14.483679 
13.326525 
19.749662 
29.452331 
11.917558 
16.837789 
38.871228 
49.003103 
9.889010 
12.734510 
26.636093 
16.154512 
40.735876 
32.486676 
20.396336 
39.367032 
13.737022 
14.494087 
20.068670 
10.712744 
1988.156559 
779.574568 
19.247918 
20.634908 
19.701423 
78.602387 
49.889957 
25.571466 
27.298884 
12.588570 
20.634908 
27.666679 
25.798774 
16.874804 
23.852934 
21.644712 
26.598375 
21.742686 
16.952286 
14.483679 
13.326525 
19.749662 
29.452331 
11.917558 
16.837789 
38.871228 
49.003103 
9.889010 
12.734510 
26.636093 
16.154512 
40.735876 
32.486676 
20.396336 
39.367032 
13.737022 
14.494087 
20.068670 
10.712744 
1988.156559 
779.574568 
19.247918 
20.634908 
19.701423 
78.602387 
49.889957 
25.571466 
27.298884 
12.588570 
20.634908 
27.666679 
25.798774 
16.874804 
23.852934 
21.644712 
26.598375 
21.742686 
16.952286 
14.483679 
13.326525 
19.749662 
29.452331 
11.917558 
16.837789 
38.871228 
49.003103 
9.889010 
12.734510 
26.636093 
16.154512 
40.735876 
32.486676 
20.396336 
39.367032 
13.737022 
14.494087 
20.068670 
10.712744 
1988.156559 
779.574568 
19.247918 
20.634908 
19.701423 
78.602387 
49.889957 
25.571466 
27.298884 
12.588570 
20.634908 
27.666679 
25.798774 
16.874804 
23.852934 
21.644712 
26.598375 
21.742686 
16.952286 
14.483679 
13.326525 
19.749662 
29.452331 
11.917558 
16.837789 
38.871228 
49.003103 
9.889010 
12.734510 
26.636093 
16.154512 
40.735876 
32.486676 
20.396336 
39.367032 
13.737022 
14.494087 
20.068670 
10.712744 
1988.156559 
779.574568 
19.247918 
20.634908 
19.701423 
78.602387 
49.889957 
25.571466 
27.298884 
12.588570 
20.634908 
27.666679 
25.798774 
16.874804 
23.852934 
21.644712 
26.598375 
21.742686 
16.952286 
14.483679 
13.326525 
19.749662 
29.452331 
11.917558 
16.837789 
38.871228 
49.003103 
9.889010 
12.734510 
26.636093 
16.154512 
40.735876 
32.486676 
20.396336 
39.367032 
13.737022 
14.494087 
20.068670 
10.712744 
