2078.139303 
820.936317 
20.002615 
27.291292 
22.881366 
102.010628 
26.647172 
34.803348 
30.583283 
20.391820 
27.291292 
14.546954 
18.965598 
26.934445 
12.086531 
18.066113 
25.100762 
21.583434 
15.953468 
17.906020 
9.839542 
17.131009 
21.374586 
10.246490 
15.328777 
18.979251 
38.160689 
10.909111 
37.108631 
27.229282 
17.004720 
40.293939 
63.396265 
15.923127 
33.048014 
16.267791 
17.843261 
40.826158 
13.739439 
2078.139303 
820.936317 
20.002615 
27.291292 
22.881366 
102.010628 
26.647172 
34.803348 
30.583283 
20.391820 
27.291292 
14.546954 
18.965598 
26.934445 
12.086531 
18.066113 
25.100762 
21.583434 
15.953468 
17.906020 
9.839542 
17.131009 
21.374586 
10.246490 
15.328777 
18.979251 
38.160689 
10.909111 
37.108631 
27.229282 
17.004720 
40.293939 
63.396265 
15.923127 
33.048014 
16.267791 
17.843261 
40.826158 
13.739439 
2078.139303 
820.936317 
20.002615 
27.291292 
22.881366 
102.010628 
26.647172 
34.803348 
30.583283 
20.391820 
27.291292 
14.546954 
18.965598 
26.934445 
12.086531 
18.066113 
25.100762 
21.583434 
15.953468 
17.906020 
9.839542 
17.131009 
21.374586 
10.246490 
15.328777 
18.979251 
38.160689 
10.909111 
37.108631 
27.229282 
17.004720 
40.293939 
63.396265 
15.923127 
33.048014 
16.267791 
17.843261 
40.826158 
13.739439 
2078.139303 
820.936317 
20.002615 
27.291292 
22.881366 
102.010628 
26.647172 
34.803348 
30.583283 
20.391820 
27.291292 
14.546954 
18.965598 
26.934445 
12.086531 
18.066113 
25.100762 
21.583434 
15.953468 
17.906020 
9.839542 
17.131009 
21.374586 
10.246490 
15.328777 
18.979251 
38.160689 
10.909111 
37.108631 
27.229282 
17.004720 
40.293939 
63.396265 
15.923127 
33.048014 
16.267791 
17.843261 
40.826158 
13.739439 
2078.139303 
820.936317 
20.002615 
27.291292 
22.881366 
102.010628 
26.647172 
34.803348 
30.583283 
20.391820 
27.291292 
14.546954 
18.965598 
26.934445 
12.086531 
18.066113 
25.100762 
21.583434 
15.953468 
17.906020 
9.839542 
17.131009 
21.374586 
10.246490 
15.328777 
18.979251 
38.160689 
10.909111 
37.108631 
27.229282 
17.004720 
40.293939 
63.396265 
15.923127 
33.048014 
16.267791 
17.843261 
40.826158 
13.739439 
