2050.106921 
804.531966 
18.526348 
20.945470 
20.308731 
94.906939 
31.599440 
12.586974 
24.437159 
12.728121 
20.945470 
20.818765 
25.685504 
22.768218 
10.282786 
13.850121 
22.659675 
25.301659 
18.453063 
15.506298 
19.093720 
12.525242 
16.188052 
10.901101 
12.770374 
26.461885 
37.875781 
13.550152 
12.449676 
23.288623 
21.620491 
43.583255 
21.828241 
14.599025 
37.111760 
16.135707 
17.898405 
13.470911 
10.946553 
2050.106921 
804.531966 
18.526348 
20.945470 
20.308731 
94.906939 
31.599440 
12.586974 
24.437159 
12.728121 
20.945470 
20.818765 
25.685504 
22.768218 
10.282786 
13.850121 
22.659675 
25.301659 
18.453063 
15.506298 
19.093720 
12.525242 
16.188052 
10.901101 
12.770374 
26.461885 
37.875781 
13.550152 
12.449676 
23.288623 
21.620491 
43.583255 
21.828241 
14.599025 
37.111760 
16.135707 
17.898405 
13.470911 
10.946553 
2050.106921 
804.531966 
18.526348 
20.945470 
20.308731 
94.906939 
31.599440 
12.586974 
24.437159 
12.728121 
20.945470 
20.818765 
25.685504 
22.768218 
10.282786 
13.850121 
22.659675 
25.301659 
18.453063 
15.506298 
19.093720 
12.525242 
16.188052 
10.901101 
12.770374 
26.461885 
37.875781 
13.550152 
12.449676 
23.288623 
21.620491 
43.583255 
21.828241 
14.599025 
37.111760 
16.135707 
17.898405 
13.470911 
10.946553 
2050.106921 
804.531966 
18.526348 
20.945470 
20.308731 
94.906939 
31.599440 
12.586974 
24.437159 
12.728121 
20.945470 
20.818765 
25.685504 
22.768218 
10.282786 
13.850121 
22.659675 
25.301659 
18.453063 
15.506298 
19.093720 
12.525242 
16.188052 
10.901101 
12.770374 
26.461885 
37.875781 
13.550152 
12.449676 
23.288623 
21.620491 
43.583255 
21.828241 
14.599025 
37.111760 
16.135707 
17.898405 
13.470911 
10.946553 
2050.106921 
804.531966 
18.526348 
20.945470 
20.308731 
94.906939 
31.599440 
12.586974 
24.437159 
12.728121 
20.945470 
20.818765 
25.685504 
22.768218 
10.282786 
13.850121 
22.659675 
25.301659 
18.453063 
15.506298 
19.093720 
12.525242 
16.188052 
10.901101 
12.770374 
26.461885 
37.875781 
13.550152 
12.449676 
23.288623 
21.620491 
43.583255 
21.828241 
14.599025 
37.111760 
16.135707 
17.898405 
13.470911 
10.946553 
