2076.389699 
813.565771 
19.686867 
22.002650 
19.772119 
97.638630 
47.748250 
25.789344 
29.459830 
17.441181 
22.002650 
16.158077 
26.055134 
20.964547 
16.438100 
21.389975 
24.583341 
17.933369 
14.213801 
24.728106 
19.585238 
17.432035 
22.847680 
17.198693 
17.951236 
46.175491 
39.251997 
11.738761 
25.518385 
17.341565 
17.372649 
42.599306 
54.270243 
16.396958 
35.088566 
22.116988 
19.681674 
31.377335 
10.150871 
2076.389699 
813.565771 
19.686867 
22.002650 
19.772119 
97.638630 
47.748250 
25.789344 
29.459830 
17.441181 
22.002650 
16.158077 
26.055134 
20.964547 
16.438100 
21.389975 
24.583341 
17.933369 
14.213801 
24.728106 
19.585238 
17.432035 
22.847680 
17.198693 
17.951236 
46.175491 
39.251997 
11.738761 
25.518385 
17.341565 
17.372649 
42.599306 
54.270243 
16.396958 
35.088566 
22.116988 
19.681674 
31.377335 
10.150871 
2076.389699 
813.565771 
19.686867 
22.002650 
19.772119 
97.638630 
47.748250 
25.789344 
29.459830 
17.441181 
22.002650 
16.158077 
26.055134 
20.964547 
16.438100 
21.389975 
24.583341 
17.933369 
14.213801 
24.728106 
19.585238 
17.432035 
22.847680 
17.198693 
17.951236 
46.175491 
39.251997 
11.738761 
25.518385 
17.341565 
17.372649 
42.599306 
54.270243 
16.396958 
35.088566 
22.116988 
19.681674 
31.377335 
10.150871 
2076.389699 
813.565771 
19.686867 
22.002650 
19.772119 
97.638630 
47.748250 
25.789344 
29.459830 
17.441181 
22.002650 
16.158077 
26.055134 
20.964547 
16.438100 
21.389975 
24.583341 
17.933369 
14.213801 
24.728106 
19.585238 
17.432035 
22.847680 
17.198693 
17.951236 
46.175491 
39.251997 
11.738761 
25.518385 
17.341565 
17.372649 
42.599306 
54.270243 
16.396958 
35.088566 
22.116988 
19.681674 
31.377335 
10.150871 
2076.389699 
813.565771 
19.686867 
22.002650 
19.772119 
97.638630 
47.748250 
25.789344 
29.459830 
17.441181 
22.002650 
16.158077 
26.055134 
20.964547 
16.438100 
21.389975 
24.583341 
17.933369 
14.213801 
24.728106 
19.585238 
17.432035 
22.847680 
17.198693 
17.951236 
46.175491 
39.251997 
11.738761 
25.518385 
17.341565 
17.372649 
42.599306 
54.270243 
16.396958 
35.088566 
22.116988 
19.681674 
31.377335 
10.150871 
