2010.068906 
792.063961 
21.888553 
21.172079 
21.836876 
78.172222 
45.461115 
22.699924 
21.079916 
18.549255 
21.172079 
23.340093 
28.178828 
24.663305 
16.463937 
17.878514 
24.489798 
20.681155 
19.502285 
25.208802 
14.077030 
15.114837 
27.477767 
15.224044 
18.768556 
19.887871 
41.101614 
11.589983 
27.056143 
40.549152 
23.070797 
38.962771 
53.482419 
21.230597 
66.308777 
13.000893 
16.874779 
29.965322 
12.590440 
2010.068906 
792.063961 
21.888553 
21.172079 
21.836876 
78.172222 
45.461115 
22.699924 
21.079916 
18.549255 
21.172079 
23.340093 
28.178828 
24.663305 
16.463937 
17.878514 
24.489798 
20.681155 
19.502285 
25.208802 
14.077030 
15.114837 
27.477767 
15.224044 
18.768556 
19.887871 
41.101614 
11.589983 
27.056143 
40.549152 
23.070797 
38.962771 
53.482419 
21.230597 
66.308777 
13.000893 
16.874779 
29.965322 
12.590440 
2010.068906 
792.063961 
21.888553 
21.172079 
21.836876 
78.172222 
45.461115 
22.699924 
21.079916 
18.549255 
21.172079 
23.340093 
28.178828 
24.663305 
16.463937 
17.878514 
24.489798 
20.681155 
19.502285 
25.208802 
14.077030 
15.114837 
27.477767 
15.224044 
18.768556 
19.887871 
41.101614 
11.589983 
27.056143 
40.549152 
23.070797 
38.962771 
53.482419 
21.230597 
66.308777 
13.000893 
16.874779 
29.965322 
12.590440 
2010.068906 
792.063961 
21.888553 
21.172079 
21.836876 
78.172222 
45.461115 
22.699924 
21.079916 
18.549255 
21.172079 
23.340093 
28.178828 
24.663305 
16.463937 
17.878514 
24.489798 
20.681155 
19.502285 
25.208802 
14.077030 
15.114837 
27.477767 
15.224044 
18.768556 
19.887871 
41.101614 
11.589983 
27.056143 
40.549152 
23.070797 
38.962771 
53.482419 
21.230597 
66.308777 
13.000893 
16.874779 
29.965322 
12.590440 
2010.068906 
792.063961 
21.888553 
21.172079 
21.836876 
78.172222 
45.461115 
22.699924 
21.079916 
18.549255 
21.172079 
23.340093 
28.178828 
24.663305 
16.463937 
17.878514 
24.489798 
20.681155 
19.502285 
25.208802 
14.077030 
15.114837 
27.477767 
15.224044 
18.768556 
19.887871 
41.101614 
11.589983 
27.056143 
40.549152 
23.070797 
38.962771 
53.482419 
21.230597 
66.308777 
13.000893 
16.874779 
29.965322 
12.590440 
