2016.873224 
802.768848 
19.152807 
16.668517 
19.514199 
90.734803 
27.361422 
20.459504 
19.903480 
9.769384 
16.668517 
23.849612 
30.514704 
16.107097 
10.577962 
20.651798 
32.565824 
26.570243 
15.577202 
20.353376 
12.475902 
9.096354 
33.701266 
13.279101 
11.069349 
33.155536 
53.069824 
10.180635 
13.547313 
20.683555 
18.740851 
50.755042 
32.534648 
18.027108 
65.946791 
22.236212 
17.319168 
9.607269 
10.352535 
2016.873224 
802.768848 
19.152807 
16.668517 
19.514199 
90.734803 
27.361422 
20.459504 
19.903480 
9.769384 
16.668517 
23.849612 
30.514704 
16.107097 
10.577962 
20.651798 
32.565824 
26.570243 
15.577202 
20.353376 
12.475902 
9.096354 
33.701266 
13.279101 
11.069349 
33.155536 
53.069824 
10.180635 
13.547313 
20.683555 
18.740851 
50.755042 
32.534648 
18.027108 
65.946791 
22.236212 
17.319168 
9.607269 
10.352535 
2016.873224 
802.768848 
19.152807 
16.668517 
19.514199 
90.734803 
27.361422 
20.459504 
19.903480 
9.769384 
16.668517 
23.849612 
30.514704 
16.107097 
10.577962 
20.651798 
32.565824 
26.570243 
15.577202 
20.353376 
12.475902 
9.096354 
33.701266 
13.279101 
11.069349 
33.155536 
53.069824 
10.180635 
13.547313 
20.683555 
18.740851 
50.755042 
32.534648 
18.027108 
65.946791 
22.236212 
17.319168 
9.607269 
10.352535 
2016.873224 
802.768848 
19.152807 
16.668517 
19.514199 
90.734803 
27.361422 
20.459504 
19.903480 
9.769384 
16.668517 
23.849612 
30.514704 
16.107097 
10.577962 
20.651798 
32.565824 
26.570243 
15.577202 
20.353376 
12.475902 
9.096354 
33.701266 
13.279101 
11.069349 
33.155536 
53.069824 
10.180635 
13.547313 
20.683555 
18.740851 
50.755042 
32.534648 
18.027108 
65.946791 
22.236212 
17.319168 
9.607269 
10.352535 
2016.873224 
802.768848 
19.152807 
16.668517 
19.514199 
90.734803 
27.361422 
20.459504 
19.903480 
9.769384 
16.668517 
23.849612 
30.514704 
16.107097 
10.577962 
20.651798 
32.565824 
26.570243 
15.577202 
20.353376 
12.475902 
9.096354 
33.701266 
13.279101 
11.069349 
33.155536 
53.069824 
10.180635 
13.547313 
20.683555 
18.740851 
50.755042 
32.534648 
18.027108 
65.946791 
22.236212 
17.319168 
9.607269 
10.352535 
