2101.121912 
822.387547 
18.666299 
20.455788 
20.416058 
69.860786 
17.173104 
22.354088 
30.166972 
20.981285 
20.455788 
19.679963 
16.553899 
26.734200 
28.536177 
19.877234 
23.732218 
15.023682 
14.344312 
17.185875 
17.730008 
19.620816 
35.659546 
15.073929 
18.592606 
20.497164 
48.353224 
9.305341 
21.128626 
17.664952 
15.996093 
47.262295 
43.879418 
13.729643 
33.372117 
12.719398 
15.451106 
21.944116 
9.928741 
2101.121912 
822.387547 
18.666299 
20.455788 
20.416058 
69.860786 
17.173104 
22.354088 
30.166972 
20.981285 
20.455788 
19.679963 
16.553899 
26.734200 
28.536177 
19.877234 
23.732218 
15.023682 
14.344312 
17.185875 
17.730008 
19.620816 
35.659546 
15.073929 
18.592606 
20.497164 
48.353224 
9.305341 
21.128626 
17.664952 
15.996093 
47.262295 
43.879418 
13.729643 
33.372117 
12.719398 
15.451106 
21.944116 
9.928741 
2101.121912 
822.387547 
18.666299 
20.455788 
20.416058 
69.860786 
17.173104 
22.354088 
30.166972 
20.981285 
20.455788 
19.679963 
16.553899 
26.734200 
28.536177 
19.877234 
23.732218 
15.023682 
14.344312 
17.185875 
17.730008 
19.620816 
35.659546 
15.073929 
18.592606 
20.497164 
48.353224 
9.305341 
21.128626 
17.664952 
15.996093 
47.262295 
43.879418 
13.729643 
33.372117 
12.719398 
15.451106 
21.944116 
9.928741 
2101.121912 
822.387547 
18.666299 
20.455788 
20.416058 
69.860786 
17.173104 
22.354088 
30.166972 
20.981285 
20.455788 
19.679963 
16.553899 
26.734200 
28.536177 
19.877234 
23.732218 
15.023682 
14.344312 
17.185875 
17.730008 
19.620816 
35.659546 
15.073929 
18.592606 
20.497164 
48.353224 
9.305341 
21.128626 
17.664952 
15.996093 
47.262295 
43.879418 
13.729643 
33.372117 
12.719398 
15.451106 
21.944116 
9.928741 
2101.121912 
822.387547 
18.666299 
20.455788 
20.416058 
69.860786 
17.173104 
22.354088 
30.166972 
20.981285 
20.455788 
19.679963 
16.553899 
26.734200 
28.536177 
19.877234 
23.732218 
15.023682 
14.344312 
17.185875 
17.730008 
19.620816 
35.659546 
15.073929 
18.592606 
20.497164 
48.353224 
9.305341 
21.128626 
17.664952 
15.996093 
47.262295 
43.879418 
13.729643 
33.372117 
12.719398 
15.451106 
21.944116 
9.928741 
