2113.405250 
827.949255 
18.111823 
23.714172 
19.920250 
74.396694 
28.423891 
19.659934 
18.904008 
16.972167 
23.714172 
13.859797 
32.331673 
11.384850 
17.913151 
25.252515 
23.713199 
20.545755 
18.130129 
11.536538 
7.832249 
13.036499 
14.091463 
11.851943 
14.671304 
17.968186 
36.011253 
11.480687 
31.642801 
22.165915 
14.733024 
37.052072 
47.349616 
17.417550 
27.936578 
17.057806 
13.887082 
34.417478 
13.421834 
2113.405250 
827.949255 
18.111823 
23.714172 
19.920250 
74.396694 
28.423891 
19.659934 
18.904008 
16.972167 
23.714172 
13.859797 
32.331673 
11.384850 
17.913151 
25.252515 
23.713199 
20.545755 
18.130129 
11.536538 
7.832249 
13.036499 
14.091463 
11.851943 
14.671304 
17.968186 
36.011253 
11.480687 
31.642801 
22.165915 
14.733024 
37.052072 
47.349616 
17.417550 
27.936578 
17.057806 
13.887082 
34.417478 
13.421834 
2113.405250 
827.949255 
18.111823 
23.714172 
19.920250 
74.396694 
28.423891 
19.659934 
18.904008 
16.972167 
23.714172 
13.859797 
32.331673 
11.384850 
17.913151 
25.252515 
23.713199 
20.545755 
18.130129 
11.536538 
7.832249 
13.036499 
14.091463 
11.851943 
14.671304 
17.968186 
36.011253 
11.480687 
31.642801 
22.165915 
14.733024 
37.052072 
47.349616 
17.417550 
27.936578 
17.057806 
13.887082 
34.417478 
13.421834 
2113.405250 
827.949255 
18.111823 
23.714172 
19.920250 
74.396694 
28.423891 
19.659934 
18.904008 
16.972167 
23.714172 
13.859797 
32.331673 
11.384850 
17.913151 
25.252515 
23.713199 
20.545755 
18.130129 
11.536538 
7.832249 
13.036499 
14.091463 
11.851943 
14.671304 
17.968186 
36.011253 
11.480687 
31.642801 
22.165915 
14.733024 
37.052072 
47.349616 
17.417550 
27.936578 
17.057806 
13.887082 
34.417478 
13.421834 
2113.405250 
827.949255 
18.111823 
23.714172 
19.920250 
74.396694 
28.423891 
19.659934 
18.904008 
16.972167 
23.714172 
13.859797 
32.331673 
11.384850 
17.913151 
25.252515 
23.713199 
20.545755 
18.130129 
11.536538 
7.832249 
13.036499 
14.091463 
11.851943 
14.671304 
17.968186 
36.011253 
11.480687 
31.642801 
22.165915 
14.733024 
37.052072 
47.349616 
17.417550 
27.936578 
17.057806 
13.887082 
34.417478 
13.421834 
