2048.121401 
808.988133 
20.016850 
19.844140 
18.778170 
63.635358 
38.799719 
17.531066 
27.675866 
13.223669 
19.844140 
28.354253 
32.376125 
23.385463 
28.178968 
16.404839 
18.966136 
16.744488 
15.563140 
15.092418 
18.007230 
10.861907 
39.307156 
14.779303 
15.949619 
20.152706 
48.459448 
11.532423 
11.851111 
17.186250 
18.310894 
47.489645 
29.253414 
16.398897 
68.752273 
24.634666 
18.560008 
14.334507 
10.445989 
2048.121401 
808.988133 
20.016850 
19.844140 
18.778170 
63.635358 
38.799719 
17.531066 
27.675866 
13.223669 
19.844140 
28.354253 
32.376125 
23.385463 
28.178968 
16.404839 
18.966136 
16.744488 
15.563140 
15.092418 
18.007230 
10.861907 
39.307156 
14.779303 
15.949619 
20.152706 
48.459448 
11.532423 
11.851111 
17.186250 
18.310894 
47.489645 
29.253414 
16.398897 
68.752273 
24.634666 
18.560008 
14.334507 
10.445989 
2048.121401 
808.988133 
20.016850 
19.844140 
18.778170 
63.635358 
38.799719 
17.531066 
27.675866 
13.223669 
19.844140 
28.354253 
32.376125 
23.385463 
28.178968 
16.404839 
18.966136 
16.744488 
15.563140 
15.092418 
18.007230 
10.861907 
39.307156 
14.779303 
15.949619 
20.152706 
48.459448 
11.532423 
11.851111 
17.186250 
18.310894 
47.489645 
29.253414 
16.398897 
68.752273 
24.634666 
18.560008 
14.334507 
10.445989 
2048.121401 
808.988133 
20.016850 
19.844140 
18.778170 
63.635358 
38.799719 
17.531066 
27.675866 
13.223669 
19.844140 
28.354253 
32.376125 
23.385463 
28.178968 
16.404839 
18.966136 
16.744488 
15.563140 
15.092418 
18.007230 
10.861907 
39.307156 
14.779303 
15.949619 
20.152706 
48.459448 
11.532423 
11.851111 
17.186250 
18.310894 
47.489645 
29.253414 
16.398897 
68.752273 
24.634666 
18.560008 
14.334507 
10.445989 
2048.121401 
808.988133 
20.016850 
19.844140 
18.778170 
63.635358 
38.799719 
17.531066 
27.675866 
13.223669 
19.844140 
28.354253 
32.376125 
23.385463 
28.178968 
16.404839 
18.966136 
16.744488 
15.563140 
15.092418 
18.007230 
10.861907 
39.307156 
14.779303 
15.949619 
20.152706 
48.459448 
11.532423 
11.851111 
17.186250 
18.310894 
47.489645 
29.253414 
16.398897 
68.752273 
24.634666 
18.560008 
14.334507 
10.445989 
