2038.116997 
807.180761 
21.127488 
18.277776 
20.732437 
78.152947 
33.939978 
20.818466 
29.327976 
14.505292 
18.277776 
23.391456 
19.820800 
16.496959 
17.172958 
18.213594 
30.592060 
17.975579 
17.403774 
25.707427 
11.671332 
12.933019 
28.670643 
17.384593 
18.189946 
34.391197 
40.513033 
11.857478 
14.761633 
21.328308 
17.310649 
48.177960 
50.154035 
19.555789 
66.487700 
13.733106 
17.140636 
19.668979 
9.495316 
2038.116997 
807.180761 
21.127488 
18.277776 
20.732437 
78.152947 
33.939978 
20.818466 
29.327976 
14.505292 
18.277776 
23.391456 
19.820800 
16.496959 
17.172958 
18.213594 
30.592060 
17.975579 
17.403774 
25.707427 
11.671332 
12.933019 
28.670643 
17.384593 
18.189946 
34.391197 
40.513033 
11.857478 
14.761633 
21.328308 
17.310649 
48.177960 
50.154035 
19.555789 
66.487700 
13.733106 
17.140636 
19.668979 
9.495316 
2038.116997 
807.180761 
21.127488 
18.277776 
20.732437 
78.152947 
33.939978 
20.818466 
29.327976 
14.505292 
18.277776 
23.391456 
19.820800 
16.496959 
17.172958 
18.213594 
30.592060 
17.975579 
17.403774 
25.707427 
11.671332 
12.933019 
28.670643 
17.384593 
18.189946 
34.391197 
40.513033 
11.857478 
14.761633 
21.328308 
17.310649 
48.177960 
50.154035 
19.555789 
66.487700 
13.733106 
17.140636 
19.668979 
9.495316 
2038.116997 
807.180761 
21.127488 
18.277776 
20.732437 
78.152947 
33.939978 
20.818466 
29.327976 
14.505292 
18.277776 
23.391456 
19.820800 
16.496959 
17.172958 
18.213594 
30.592060 
17.975579 
17.403774 
25.707427 
11.671332 
12.933019 
28.670643 
17.384593 
18.189946 
34.391197 
40.513033 
11.857478 
14.761633 
21.328308 
17.310649 
48.177960 
50.154035 
19.555789 
66.487700 
13.733106 
17.140636 
19.668979 
9.495316 
2038.116997 
807.180761 
21.127488 
18.277776 
20.732437 
78.152947 
33.939978 
20.818466 
29.327976 
14.505292 
18.277776 
23.391456 
19.820800 
16.496959 
17.172958 
18.213594 
30.592060 
17.975579 
17.403774 
25.707427 
11.671332 
12.933019 
28.670643 
17.384593 
18.189946 
34.391197 
40.513033 
11.857478 
14.761633 
21.328308 
17.310649 
48.177960 
50.154035 
19.555789 
66.487700 
13.733106 
17.140636 
19.668979 
9.495316 
