1988.460933 
796.981484 
15.625003 
20.238169 
18.664117 
142.998347 
23.411856 
19.869495 
15.069844 
25.830394 
20.238169 
13.945418 
59.559204 
13.861757 
20.658367 
11.940498 
34.975018 
35.647626 
11.883861 
18.656870 
6.520075 
8.292840 
13.111339 
13.535076 
11.196907 
13.578174 
18.944191 
9.660246 
11.067589 
11.745637 
12.430939 
21.262439 
6.347809 
14.002228 
13.034544 
8.719482 
11.233005 
24.583102 
18.077079 
1988.460933 
796.981484 
15.625003 
20.238169 
18.664117 
142.998347 
23.411856 
19.869495 
15.069844 
25.830394 
20.238169 
13.945418 
59.559204 
13.861757 
20.658367 
11.940498 
34.975018 
35.647626 
11.883861 
18.656870 
6.520075 
8.292840 
13.111339 
13.535076 
11.196907 
13.578174 
18.944191 
9.660246 
11.067589 
11.745637 
12.430939 
21.262439 
6.347809 
14.002228 
13.034544 
8.719482 
11.233005 
24.583102 
18.077079 
1988.460933 
796.981484 
15.625003 
20.238169 
18.664117 
142.998347 
23.411856 
19.869495 
15.069844 
25.830394 
20.238169 
13.945418 
59.559204 
13.861757 
20.658367 
11.940498 
34.975018 
35.647626 
11.883861 
18.656870 
6.520075 
8.292840 
13.111339 
13.535076 
11.196907 
13.578174 
18.944191 
9.660246 
11.067589 
11.745637 
12.430939 
21.262439 
6.347809 
14.002228 
13.034544 
8.719482 
11.233005 
24.583102 
18.077079 
1988.460933 
796.981484 
15.625003 
20.238169 
18.664117 
142.998347 
23.411856 
19.869495 
15.069844 
25.830394 
20.238169 
13.945418 
59.559204 
13.861757 
20.658367 
11.940498 
34.975018 
35.647626 
11.883861 
18.656870 
6.520075 
8.292840 
13.111339 
13.535076 
11.196907 
13.578174 
18.944191 
9.660246 
11.067589 
11.745637 
12.430939 
21.262439 
6.347809 
14.002228 
13.034544 
8.719482 
11.233005 
24.583102 
18.077079 
1988.460933 
796.981484 
15.625003 
20.238169 
18.664117 
142.998347 
23.411856 
19.869495 
15.069844 
25.830394 
20.238169 
13.945418 
59.559204 
13.861757 
20.658367 
11.940498 
34.975018 
35.647626 
11.883861 
18.656870 
6.520075 
8.292840 
13.111339 
13.535076 
11.196907 
13.578174 
18.944191 
9.660246 
11.067589 
11.745637 
12.430939 
21.262439 
6.347809 
14.002228 
13.034544 
8.719482 
11.233005 
24.583102 
18.077079 
