2014.787038 
809.493548 
15.822858 
20.095464 
17.874061 
89.310830 
31.638063 
23.328518 
18.632993 
14.355563 
20.095464 
18.228536 
33.994023 
16.457429 
25.904591 
10.947368 
30.826786 
19.643627 
19.111200 
21.374676 
15.137902 
10.653495 
11.925810 
10.267219 
12.972954 
9.509199 
14.159815 
12.616837 
15.735558 
9.181347 
13.540596 
20.781122 
17.609962 
13.159069 
13.626693 
16.039991 
14.037996 
19.562680 
24.690806 
2014.787038 
809.493548 
15.822858 
20.095464 
17.874061 
89.310830 
31.638063 
23.328518 
18.632993 
14.355563 
20.095464 
18.228536 
33.994023 
16.457429 
25.904591 
10.947368 
30.826786 
19.643627 
19.111200 
21.374676 
15.137902 
10.653495 
11.925810 
10.267219 
12.972954 
9.509199 
14.159815 
12.616837 
15.735558 
9.181347 
13.540596 
20.781122 
17.609962 
13.159069 
13.626693 
16.039991 
14.037996 
19.562680 
24.690806 
2014.787038 
809.493548 
15.822858 
20.095464 
17.874061 
89.310830 
31.638063 
23.328518 
18.632993 
14.355563 
20.095464 
18.228536 
33.994023 
16.457429 
25.904591 
10.947368 
30.826786 
19.643627 
19.111200 
21.374676 
15.137902 
10.653495 
11.925810 
10.267219 
12.972954 
9.509199 
14.159815 
12.616837 
15.735558 
9.181347 
13.540596 
20.781122 
17.609962 
13.159069 
13.626693 
16.039991 
14.037996 
19.562680 
24.690806 
2014.787038 
809.493548 
15.822858 
20.095464 
17.874061 
89.310830 
31.638063 
23.328518 
18.632993 
14.355563 
20.095464 
18.228536 
33.994023 
16.457429 
25.904591 
10.947368 
30.826786 
19.643627 
19.111200 
21.374676 
15.137902 
10.653495 
11.925810 
10.267219 
12.972954 
9.509199 
14.159815 
12.616837 
15.735558 
9.181347 
13.540596 
20.781122 
17.609962 
13.159069 
13.626693 
16.039991 
14.037996 
19.562680 
24.690806 
2014.787038 
809.493548 
15.822858 
20.095464 
17.874061 
89.310830 
31.638063 
23.328518 
18.632993 
14.355563 
20.095464 
18.228536 
33.994023 
16.457429 
25.904591 
10.947368 
30.826786 
19.643627 
19.111200 
21.374676 
15.137902 
10.653495 
11.925810 
10.267219 
12.972954 
9.509199 
14.159815 
12.616837 
15.735558 
9.181347 
13.540596 
20.781122 
17.609962 
13.159069 
13.626693 
16.039991 
14.037996 
19.562680 
24.690806 
