2013.145626 
774.801023 
17.104198 
17.794744 
16.514316 
101.351276 
27.920785 
18.855473 
18.411009 
12.927440 
17.794744 
19.530558 
40.909984 
11.834831 
21.800850 
15.126108 
26.572132 
24.130207 
16.234825 
13.367358 
9.965303 
20.275220 
7.835257 
14.943466 
14.599244 
10.510787 
16.230976 
9.515043 
19.470428 
14.694382 
15.507307 
18.741210 
20.615687 
14.639243 
14.967502 
9.274075 
13.520730 
23.698778 
29.489838 
2013.145626 
774.801023 
17.104198 
17.794744 
16.514316 
101.351276 
27.920785 
18.855473 
18.411009 
12.927440 
17.794744 
19.530558 
40.909984 
11.834831 
21.800850 
15.126108 
26.572132 
24.130207 
16.234825 
13.367358 
9.965303 
20.275220 
7.835257 
14.943466 
14.599244 
10.510787 
16.230976 
9.515043 
19.470428 
14.694382 
15.507307 
18.741210 
20.615687 
14.639243 
14.967502 
9.274075 
13.520730 
23.698778 
29.489838 
2013.145626 
774.801023 
17.104198 
17.794744 
16.514316 
101.351276 
27.920785 
18.855473 
18.411009 
12.927440 
17.794744 
19.530558 
40.909984 
11.834831 
21.800850 
15.126108 
26.572132 
24.130207 
16.234825 
13.367358 
9.965303 
20.275220 
7.835257 
14.943466 
14.599244 
10.510787 
16.230976 
9.515043 
19.470428 
14.694382 
15.507307 
18.741210 
20.615687 
14.639243 
14.967502 
9.274075 
13.520730 
23.698778 
29.489838 
2013.145626 
774.801023 
17.104198 
17.794744 
16.514316 
101.351276 
27.920785 
18.855473 
18.411009 
12.927440 
17.794744 
19.530558 
40.909984 
11.834831 
21.800850 
15.126108 
26.572132 
24.130207 
16.234825 
13.367358 
9.965303 
20.275220 
7.835257 
14.943466 
14.599244 
10.510787 
16.230976 
9.515043 
19.470428 
14.694382 
15.507307 
18.741210 
20.615687 
14.639243 
14.967502 
9.274075 
13.520730 
23.698778 
29.489838 
2013.145626 
774.801023 
17.104198 
17.794744 
16.514316 
101.351276 
27.920785 
18.855473 
18.411009 
12.927440 
17.794744 
19.530558 
40.909984 
11.834831 
21.800850 
15.126108 
26.572132 
24.130207 
16.234825 
13.367358 
9.965303 
20.275220 
7.835257 
14.943466 
14.599244 
10.510787 
16.230976 
9.515043 
19.470428 
14.694382 
15.507307 
18.741210 
20.615687 
14.639243 
14.967502 
9.274075 
13.520730 
23.698778 
29.489838 
