2021.954661 
811.550626 
15.488920 
19.112225 
17.759334 
90.462581 
31.211356 
22.635626 
17.307901 
13.647311 
19.112225 
18.061384 
28.494865 
13.368005 
24.775447 
12.149608 
26.669030 
21.493681 
17.777163 
19.843788 
17.219472 
12.271883 
9.144703 
10.280047 
14.613751 
9.564200 
14.223172 
11.300363 
16.323580 
9.807804 
13.105375 
19.900559 
13.957882 
12.764567 
12.460336 
16.084891 
14.554245 
20.772113 
22.997433 
2021.954661 
811.550626 
15.488920 
19.112225 
17.759334 
90.462581 
31.211356 
22.635626 
17.307901 
13.647311 
19.112225 
18.061384 
28.494865 
13.368005 
24.775447 
12.149608 
26.669030 
21.493681 
17.777163 
19.843788 
17.219472 
12.271883 
9.144703 
10.280047 
14.613751 
9.564200 
14.223172 
11.300363 
16.323580 
9.807804 
13.105375 
19.900559 
13.957882 
12.764567 
12.460336 
16.084891 
14.554245 
20.772113 
22.997433 
2021.954661 
811.550626 
15.488920 
19.112225 
17.759334 
90.462581 
31.211356 
22.635626 
17.307901 
13.647311 
19.112225 
18.061384 
28.494865 
13.368005 
24.775447 
12.149608 
26.669030 
21.493681 
17.777163 
19.843788 
17.219472 
12.271883 
9.144703 
10.280047 
14.613751 
9.564200 
14.223172 
11.300363 
16.323580 
9.807804 
13.105375 
19.900559 
13.957882 
12.764567 
12.460336 
16.084891 
14.554245 
20.772113 
22.997433 
2021.954661 
811.550626 
15.488920 
19.112225 
17.759334 
90.462581 
31.211356 
22.635626 
17.307901 
13.647311 
19.112225 
18.061384 
28.494865 
13.368005 
24.775447 
12.149608 
26.669030 
21.493681 
17.777163 
19.843788 
17.219472 
12.271883 
9.144703 
10.280047 
14.613751 
9.564200 
14.223172 
11.300363 
16.323580 
9.807804 
13.105375 
19.900559 
13.957882 
12.764567 
12.460336 
16.084891 
14.554245 
20.772113 
22.997433 
2021.954661 
811.550626 
15.488920 
19.112225 
17.759334 
90.462581 
31.211356 
22.635626 
17.307901 
13.647311 
19.112225 
18.061384 
28.494865 
13.368005 
24.775447 
12.149608 
26.669030 
21.493681 
17.777163 
19.843788 
17.219472 
12.271883 
9.144703 
10.280047 
14.613751 
9.564200 
14.223172 
11.300363 
16.323580 
9.807804 
13.105375 
19.900559 
13.957882 
12.764567 
12.460336 
16.084891 
14.554245 
20.772113 
22.997433 
