2021.208824 
803.351962 
15.233307 
16.424608 
16.281104 
67.477838 
22.238912 
18.497751 
21.815870 
15.204488 
16.424608 
19.398911 
27.281559 
10.815394 
10.937125 
13.292489 
26.526994 
21.367068 
14.709432 
15.935516 
10.842301 
15.458688 
13.335267 
9.827004 
16.156048 
9.564437 
15.878372 
11.701943 
21.327812 
15.798057 
14.651690 
21.179544 
24.116321 
13.642261 
10.660728 
14.745533 
11.643269 
24.806347 
22.994941 
2021.208824 
803.351962 
15.233307 
16.424608 
16.281104 
67.477838 
22.238912 
18.497751 
21.815870 
15.204488 
16.424608 
19.398911 
27.281559 
10.815394 
10.937125 
13.292489 
26.526994 
21.367068 
14.709432 
15.935516 
10.842301 
15.458688 
13.335267 
9.827004 
16.156048 
9.564437 
15.878372 
11.701943 
21.327812 
15.798057 
14.651690 
21.179544 
24.116321 
13.642261 
10.660728 
14.745533 
11.643269 
24.806347 
22.994941 
2021.208824 
803.351962 
15.233307 
16.424608 
16.281104 
67.477838 
22.238912 
18.497751 
21.815870 
15.204488 
16.424608 
19.398911 
27.281559 
10.815394 
10.937125 
13.292489 
26.526994 
21.367068 
14.709432 
15.935516 
10.842301 
15.458688 
13.335267 
9.827004 
16.156048 
9.564437 
15.878372 
11.701943 
21.327812 
15.798057 
14.651690 
21.179544 
24.116321 
13.642261 
10.660728 
14.745533 
11.643269 
24.806347 
22.994941 
2021.208824 
803.351962 
15.233307 
16.424608 
16.281104 
67.477838 
22.238912 
18.497751 
21.815870 
15.204488 
16.424608 
19.398911 
27.281559 
10.815394 
10.937125 
13.292489 
26.526994 
21.367068 
14.709432 
15.935516 
10.842301 
15.458688 
13.335267 
9.827004 
16.156048 
9.564437 
15.878372 
11.701943 
21.327812 
15.798057 
14.651690 
21.179544 
24.116321 
13.642261 
10.660728 
14.745533 
11.643269 
24.806347 
22.994941 
2021.208824 
803.351962 
15.233307 
16.424608 
16.281104 
67.477838 
22.238912 
18.497751 
21.815870 
15.204488 
16.424608 
19.398911 
27.281559 
10.815394 
10.937125 
13.292489 
26.526994 
21.367068 
14.709432 
15.935516 
10.842301 
15.458688 
13.335267 
9.827004 
16.156048 
9.564437 
15.878372 
11.701943 
21.327812 
15.798057 
14.651690 
21.179544 
24.116321 
13.642261 
10.660728 
14.745533 
11.643269 
24.806347 
22.994941 
