2119.065278 
849.434169 
13.751063 
13.346126 
16.630854 
103.935048 
25.526967 
19.895419 
19.058421 
14.611413 
13.346126 
10.313094 
41.935982 
14.340329 
14.309708 
11.237893 
16.336225 
16.870413 
14.888939 
14.046871 
11.439013 
9.927692 
12.725611 
9.586257 
11.044321 
8.029663 
11.535882 
8.761575 
14.786896 
8.718854 
11.929826 
17.392110 
8.726752 
12.154018 
8.394324 
12.800333 
10.509006 
14.283043 
24.352750 
2119.065278 
849.434169 
13.751063 
13.346126 
16.630854 
103.935048 
25.526967 
19.895419 
19.058421 
14.611413 
13.346126 
10.313094 
41.935982 
14.340329 
14.309708 
11.237893 
16.336225 
16.870413 
14.888939 
14.046871 
11.439013 
9.927692 
12.725611 
9.586257 
11.044321 
8.029663 
11.535882 
8.761575 
14.786896 
8.718854 
11.929826 
17.392110 
8.726752 
12.154018 
8.394324 
12.800333 
10.509006 
14.283043 
24.352750 
2119.065278 
849.434169 
13.751063 
13.346126 
16.630854 
103.935048 
25.526967 
19.895419 
19.058421 
14.611413 
13.346126 
10.313094 
41.935982 
14.340329 
14.309708 
11.237893 
16.336225 
16.870413 
14.888939 
14.046871 
11.439013 
9.927692 
12.725611 
9.586257 
11.044321 
8.029663 
11.535882 
8.761575 
14.786896 
8.718854 
11.929826 
17.392110 
8.726752 
12.154018 
8.394324 
12.800333 
10.509006 
14.283043 
24.352750 
2119.065278 
849.434169 
13.751063 
13.346126 
16.630854 
103.935048 
25.526967 
19.895419 
19.058421 
14.611413 
13.346126 
10.313094 
41.935982 
14.340329 
14.309708 
11.237893 
16.336225 
16.870413 
14.888939 
14.046871 
11.439013 
9.927692 
12.725611 
9.586257 
11.044321 
8.029663 
11.535882 
8.761575 
14.786896 
8.718854 
11.929826 
17.392110 
8.726752 
12.154018 
8.394324 
12.800333 
10.509006 
14.283043 
24.352750 
2119.065278 
849.434169 
13.751063 
13.346126 
16.630854 
103.935048 
25.526967 
19.895419 
19.058421 
14.611413 
13.346126 
10.313094 
41.935982 
14.340329 
14.309708 
11.237893 
16.336225 
16.870413 
14.888939 
14.046871 
11.439013 
9.927692 
12.725611 
9.586257 
11.044321 
8.029663 
11.535882 
8.761575 
14.786896 
8.718854 
11.929826 
17.392110 
8.726752 
12.154018 
8.394324 
12.800333 
10.509006 
14.283043 
24.352750 
