2069.424437 
830.996358 
16.767697 
15.171801 
16.540586 
68.473121 
26.671747 
20.910317 
19.550872 
14.239433 
15.171801 
19.893686 
23.701620 
11.830618 
17.743083 
15.446889 
23.010492 
22.467682 
13.971575 
13.753177 
9.871457 
13.219244 
11.751058 
12.893004 
13.730516 
10.803173 
13.661137 
11.995326 
12.289137 
8.134991 
12.276772 
17.526433 
9.700940 
15.121305 
10.604114 
7.848937 
12.876948 
22.053757 
17.337463 
2069.424437 
830.996358 
16.767697 
15.171801 
16.540586 
68.473121 
26.671747 
20.910317 
19.550872 
14.239433 
15.171801 
19.893686 
23.701620 
11.830618 
17.743083 
15.446889 
23.010492 
22.467682 
13.971575 
13.753177 
9.871457 
13.219244 
11.751058 
12.893004 
13.730516 
10.803173 
13.661137 
11.995326 
12.289137 
8.134991 
12.276772 
17.526433 
9.700940 
15.121305 
10.604114 
7.848937 
12.876948 
22.053757 
17.337463 
2069.424437 
830.996358 
16.767697 
15.171801 
16.540586 
68.473121 
26.671747 
20.910317 
19.550872 
14.239433 
15.171801 
19.893686 
23.701620 
11.830618 
17.743083 
15.446889 
23.010492 
22.467682 
13.971575 
13.753177 
9.871457 
13.219244 
11.751058 
12.893004 
13.730516 
10.803173 
13.661137 
11.995326 
12.289137 
8.134991 
12.276772 
17.526433 
9.700940 
15.121305 
10.604114 
7.848937 
12.876948 
22.053757 
17.337463 
2069.424437 
830.996358 
16.767697 
15.171801 
16.540586 
68.473121 
26.671747 
20.910317 
19.550872 
14.239433 
15.171801 
19.893686 
23.701620 
11.830618 
17.743083 
15.446889 
23.010492 
22.467682 
13.971575 
13.753177 
9.871457 
13.219244 
11.751058 
12.893004 
13.730516 
10.803173 
13.661137 
11.995326 
12.289137 
8.134991 
12.276772 
17.526433 
9.700940 
15.121305 
10.604114 
7.848937 
12.876948 
22.053757 
17.337463 
2069.424437 
830.996358 
16.767697 
15.171801 
16.540586 
68.473121 
26.671747 
20.910317 
19.550872 
14.239433 
15.171801 
19.893686 
23.701620 
11.830618 
17.743083 
15.446889 
23.010492 
22.467682 
13.971575 
13.753177 
9.871457 
13.219244 
11.751058 
12.893004 
13.730516 
10.803173 
13.661137 
11.995326 
12.289137 
8.134991 
12.276772 
17.526433 
9.700940 
15.121305 
10.604114 
7.848937 
12.876948 
22.053757 
17.337463 
