2143.532950 
855.326321 
13.246969 
9.643926 
19.940713 
94.202735 
33.095923 
21.338761 
19.859041 
19.487671 
9.643926 
10.416173 
37.648831 
11.242619 
14.423327 
12.557419 
27.062057 
13.772503 
14.099163 
14.864607 
10.041628 
7.692731 
11.932157 
12.826511 
9.093982 
6.808589 
11.562371 
8.156084 
8.699984 
13.520304 
11.303458 
13.798541 
6.643063 
11.903641 
11.355219 
11.853827 
9.964217 
15.213409 
19.387855 
2143.532950 
855.326321 
13.246969 
9.643926 
19.940713 
94.202735 
33.095923 
21.338761 
19.859041 
19.487671 
9.643926 
10.416173 
37.648831 
11.242619 
14.423327 
12.557419 
27.062057 
13.772503 
14.099163 
14.864607 
10.041628 
7.692731 
11.932157 
12.826511 
9.093982 
6.808589 
11.562371 
8.156084 
8.699984 
13.520304 
11.303458 
13.798541 
6.643063 
11.903641 
11.355219 
11.853827 
9.964217 
15.213409 
19.387855 
2143.532950 
855.326321 
13.246969 
9.643926 
19.940713 
94.202735 
33.095923 
21.338761 
19.859041 
19.487671 
9.643926 
10.416173 
37.648831 
11.242619 
14.423327 
12.557419 
27.062057 
13.772503 
14.099163 
14.864607 
10.041628 
7.692731 
11.932157 
12.826511 
9.093982 
6.808589 
11.562371 
8.156084 
8.699984 
13.520304 
11.303458 
13.798541 
6.643063 
11.903641 
11.355219 
11.853827 
9.964217 
15.213409 
19.387855 
2143.532950 
855.326321 
13.246969 
9.643926 
19.940713 
94.202735 
33.095923 
21.338761 
19.859041 
19.487671 
9.643926 
10.416173 
37.648831 
11.242619 
14.423327 
12.557419 
27.062057 
13.772503 
14.099163 
14.864607 
10.041628 
7.692731 
11.932157 
12.826511 
9.093982 
6.808589 
11.562371 
8.156084 
8.699984 
13.520304 
11.303458 
13.798541 
6.643063 
11.903641 
11.355219 
11.853827 
9.964217 
15.213409 
19.387855 
2143.532950 
855.326321 
13.246969 
9.643926 
19.940713 
94.202735 
33.095923 
21.338761 
19.859041 
19.487671 
9.643926 
10.416173 
37.648831 
11.242619 
14.423327 
12.557419 
27.062057 
13.772503 
14.099163 
14.864607 
10.041628 
7.692731 
11.932157 
12.826511 
9.093982 
6.808589 
11.562371 
8.156084 
8.699984 
13.520304 
11.303458 
13.798541 
6.643063 
11.903641 
11.355219 
11.853827 
9.964217 
15.213409 
19.387855 
