2102.150640 
841.586589 
13.601864 
12.449618 
14.360880 
82.292771 
26.597493 
13.746888 
20.249189 
17.032002 
12.449618 
15.931213 
30.818174 
14.355952 
15.956724 
12.286561 
17.256532 
24.912177 
14.255044 
13.708268 
16.361200 
10.417000 
10.060682 
9.267732 
13.050569 
9.599528 
14.723144 
9.910111 
18.682231 
16.277793 
16.687644 
18.999237 
28.761741 
12.282949 
19.293467 
10.690958 
11.999029 
17.129628 
33.642215 
2102.150640 
841.586589 
13.601864 
12.449618 
14.360880 
82.292771 
26.597493 
13.746888 
20.249189 
17.032002 
12.449618 
15.931213 
30.818174 
14.355952 
15.956724 
12.286561 
17.256532 
24.912177 
14.255044 
13.708268 
16.361200 
10.417000 
10.060682 
9.267732 
13.050569 
9.599528 
14.723144 
9.910111 
18.682231 
16.277793 
16.687644 
18.999237 
28.761741 
12.282949 
19.293467 
10.690958 
11.999029 
17.129628 
33.642215 
2102.150640 
841.586589 
13.601864 
12.449618 
14.360880 
82.292771 
26.597493 
13.746888 
20.249189 
17.032002 
12.449618 
15.931213 
30.818174 
14.355952 
15.956724 
12.286561 
17.256532 
24.912177 
14.255044 
13.708268 
16.361200 
10.417000 
10.060682 
9.267732 
13.050569 
9.599528 
14.723144 
9.910111 
18.682231 
16.277793 
16.687644 
18.999237 
28.761741 
12.282949 
19.293467 
10.690958 
11.999029 
17.129628 
33.642215 
2102.150640 
841.586589 
13.601864 
12.449618 
14.360880 
82.292771 
26.597493 
13.746888 
20.249189 
17.032002 
12.449618 
15.931213 
30.818174 
14.355952 
15.956724 
12.286561 
17.256532 
24.912177 
14.255044 
13.708268 
16.361200 
10.417000 
10.060682 
9.267732 
13.050569 
9.599528 
14.723144 
9.910111 
18.682231 
16.277793 
16.687644 
18.999237 
28.761741 
12.282949 
19.293467 
10.690958 
11.999029 
17.129628 
33.642215 
2102.150640 
841.586589 
13.601864 
12.449618 
14.360880 
82.292771 
26.597493 
13.746888 
20.249189 
17.032002 
12.449618 
15.931213 
30.818174 
14.355952 
15.956724 
12.286561 
17.256532 
24.912177 
14.255044 
13.708268 
16.361200 
10.417000 
10.060682 
9.267732 
13.050569 
9.599528 
14.723144 
9.910111 
18.682231 
16.277793 
16.687644 
18.999237 
28.761741 
12.282949 
19.293467 
10.690958 
11.999029 
17.129628 
33.642215 
