2109.597395 
832.329153 
17.132690 
19.576915 
18.625736 
98.444201 
16.092338 
18.859342 
22.388526 
10.935517 
19.576915 
15.901076 
26.657570 
16.000898 
19.682151 
10.099729 
34.391580 
15.817949 
18.070164 
15.044393 
21.751807 
18.475739 
11.719744 
8.694378 
12.292849 
12.558831 
16.296444 
11.609889 
18.837100 
16.636873 
15.172374 
22.172990 
16.253932 
12.795711 
14.340926 
11.106272 
12.976866 
30.156029 
25.844128 
2109.597395 
832.329153 
17.132690 
19.576915 
18.625736 
98.444201 
16.092338 
18.859342 
22.388526 
10.935517 
19.576915 
15.901076 
26.657570 
16.000898 
19.682151 
10.099729 
34.391580 
15.817949 
18.070164 
15.044393 
21.751807 
18.475739 
11.719744 
8.694378 
12.292849 
12.558831 
16.296444 
11.609889 
18.837100 
16.636873 
15.172374 
22.172990 
16.253932 
12.795711 
14.340926 
11.106272 
12.976866 
30.156029 
25.844128 
2109.597395 
832.329153 
17.132690 
19.576915 
18.625736 
98.444201 
16.092338 
18.859342 
22.388526 
10.935517 
19.576915 
15.901076 
26.657570 
16.000898 
19.682151 
10.099729 
34.391580 
15.817949 
18.070164 
15.044393 
21.751807 
18.475739 
11.719744 
8.694378 
12.292849 
12.558831 
16.296444 
11.609889 
18.837100 
16.636873 
15.172374 
22.172990 
16.253932 
12.795711 
14.340926 
11.106272 
12.976866 
30.156029 
25.844128 
2109.597395 
832.329153 
17.132690 
19.576915 
18.625736 
98.444201 
16.092338 
18.859342 
22.388526 
10.935517 
19.576915 
15.901076 
26.657570 
16.000898 
19.682151 
10.099729 
34.391580 
15.817949 
18.070164 
15.044393 
21.751807 
18.475739 
11.719744 
8.694378 
12.292849 
12.558831 
16.296444 
11.609889 
18.837100 
16.636873 
15.172374 
22.172990 
16.253932 
12.795711 
14.340926 
11.106272 
12.976866 
30.156029 
25.844128 
2109.597395 
832.329153 
17.132690 
19.576915 
18.625736 
98.444201 
16.092338 
18.859342 
22.388526 
10.935517 
19.576915 
15.901076 
26.657570 
16.000898 
19.682151 
10.099729 
34.391580 
15.817949 
18.070164 
15.044393 
21.751807 
18.475739 
11.719744 
8.694378 
12.292849 
12.558831 
16.296444 
11.609889 
18.837100 
16.636873 
15.172374 
22.172990 
16.253932 
12.795711 
14.340926 
11.106272 
12.976866 
30.156029 
25.844128 
