2012.235156 
813.908898 
14.778014 
14.944215 
17.649871 
72.635448 
27.096275 
17.774244 
23.406975 
12.986881 
14.944215 
12.239762 
24.813220 
11.926691 
19.537671 
13.595516 
28.524699 
23.016384 
15.359509 
17.952818 
13.967946 
16.100801 
7.893398 
11.904046 
14.155479 
11.496588 
12.479392 
11.111116 
21.167507 
13.615586 
14.203084 
15.094678 
13.090788 
13.505357 
10.011977 
7.941149 
11.459320 
24.291790 
18.696937 
2012.235156 
813.908898 
14.778014 
14.944215 
17.649871 
72.635448 
27.096275 
17.774244 
23.406975 
12.986881 
14.944215 
12.239762 
24.813220 
11.926691 
19.537671 
13.595516 
28.524699 
23.016384 
15.359509 
17.952818 
13.967946 
16.100801 
7.893398 
11.904046 
14.155479 
11.496588 
12.479392 
11.111116 
21.167507 
13.615586 
14.203084 
15.094678 
13.090788 
13.505357 
10.011977 
7.941149 
11.459320 
24.291790 
18.696937 
2012.235156 
813.908898 
14.778014 
14.944215 
17.649871 
72.635448 
27.096275 
17.774244 
23.406975 
12.986881 
14.944215 
12.239762 
24.813220 
11.926691 
19.537671 
13.595516 
28.524699 
23.016384 
15.359509 
17.952818 
13.967946 
16.100801 
7.893398 
11.904046 
14.155479 
11.496588 
12.479392 
11.111116 
21.167507 
13.615586 
14.203084 
15.094678 
13.090788 
13.505357 
10.011977 
7.941149 
11.459320 
24.291790 
18.696937 
2012.235156 
813.908898 
14.778014 
14.944215 
17.649871 
72.635448 
27.096275 
17.774244 
23.406975 
12.986881 
14.944215 
12.239762 
24.813220 
11.926691 
19.537671 
13.595516 
28.524699 
23.016384 
15.359509 
17.952818 
13.967946 
16.100801 
7.893398 
11.904046 
14.155479 
11.496588 
12.479392 
11.111116 
21.167507 
13.615586 
14.203084 
15.094678 
13.090788 
13.505357 
10.011977 
7.941149 
11.459320 
24.291790 
18.696937 
2012.235156 
813.908898 
14.778014 
14.944215 
17.649871 
72.635448 
27.096275 
17.774244 
23.406975 
12.986881 
14.944215 
12.239762 
24.813220 
11.926691 
19.537671 
13.595516 
28.524699 
23.016384 
15.359509 
17.952818 
13.967946 
16.100801 
7.893398 
11.904046 
14.155479 
11.496588 
12.479392 
11.111116 
21.167507 
13.615586 
14.203084 
15.094678 
13.090788 
13.505357 
10.011977 
7.941149 
11.459320 
24.291790 
18.696937 
