2033.865992 
824.614457 
16.063706 
16.141526 
17.665236 
96.865938 
30.881951 
16.306467 
17.660742 
17.124033 
16.141526 
16.836580 
29.129847 
17.462229 
15.835722 
10.527392 
28.056941 
19.231619 
21.499635 
18.304408 
8.917487 
14.996270 
10.027763 
13.615766 
10.293695 
12.170513 
16.191373 
10.460809 
21.179950 
9.625266 
14.061921 
20.348957 
19.751052 
13.603613 
18.269148 
9.469032 
14.368415 
21.663189 
26.003819 
2033.865992 
824.614457 
16.063706 
16.141526 
17.665236 
96.865938 
30.881951 
16.306467 
17.660742 
17.124033 
16.141526 
16.836580 
29.129847 
17.462229 
15.835722 
10.527392 
28.056941 
19.231619 
21.499635 
18.304408 
8.917487 
14.996270 
10.027763 
13.615766 
10.293695 
12.170513 
16.191373 
10.460809 
21.179950 
9.625266 
14.061921 
20.348957 
19.751052 
13.603613 
18.269148 
9.469032 
14.368415 
21.663189 
26.003819 
2033.865992 
824.614457 
16.063706 
16.141526 
17.665236 
96.865938 
30.881951 
16.306467 
17.660742 
17.124033 
16.141526 
16.836580 
29.129847 
17.462229 
15.835722 
10.527392 
28.056941 
19.231619 
21.499635 
18.304408 
8.917487 
14.996270 
10.027763 
13.615766 
10.293695 
12.170513 
16.191373 
10.460809 
21.179950 
9.625266 
14.061921 
20.348957 
19.751052 
13.603613 
18.269148 
9.469032 
14.368415 
21.663189 
26.003819 
2033.865992 
824.614457 
16.063706 
16.141526 
17.665236 
96.865938 
30.881951 
16.306467 
17.660742 
17.124033 
16.141526 
16.836580 
29.129847 
17.462229 
15.835722 
10.527392 
28.056941 
19.231619 
21.499635 
18.304408 
8.917487 
14.996270 
10.027763 
13.615766 
10.293695 
12.170513 
16.191373 
10.460809 
21.179950 
9.625266 
14.061921 
20.348957 
19.751052 
13.603613 
18.269148 
9.469032 
14.368415 
21.663189 
26.003819 
2033.865992 
824.614457 
16.063706 
16.141526 
17.665236 
96.865938 
30.881951 
16.306467 
17.660742 
17.124033 
16.141526 
16.836580 
29.129847 
17.462229 
15.835722 
10.527392 
28.056941 
19.231619 
21.499635 
18.304408 
8.917487 
14.996270 
10.027763 
13.615766 
10.293695 
12.170513 
16.191373 
10.460809 
21.179950 
9.625266 
14.061921 
20.348957 
19.751052 
13.603613 
18.269148 
9.469032 
14.368415 
21.663189 
26.003819 
