2095.096173 
836.669894 
11.685094 
14.407638 
14.066415 
147.339401 
17.601088 
12.315403 
24.928028 
11.775688 
14.407638 
11.736356 
39.849203 
15.285162 
15.940744 
6.938249 
18.272892 
17.797034 
15.160129 
13.540328 
8.704765 
13.416509 
9.119039 
6.664228 
11.273195 
9.123900 
15.138076 
10.639928 
34.419125 
21.919364 
16.935296 
22.762949 
35.415604 
9.138423 
18.325296 
9.293558 
11.295192 
18.494349 
29.326332 
2095.096173 
836.669894 
11.685094 
14.407638 
14.066415 
147.339401 
17.601088 
12.315403 
24.928028 
11.775688 
14.407638 
11.736356 
39.849203 
15.285162 
15.940744 
6.938249 
18.272892 
17.797034 
15.160129 
13.540328 
8.704765 
13.416509 
9.119039 
6.664228 
11.273195 
9.123900 
15.138076 
10.639928 
34.419125 
21.919364 
16.935296 
22.762949 
35.415604 
9.138423 
18.325296 
9.293558 
11.295192 
18.494349 
29.326332 
2095.096173 
836.669894 
11.685094 
14.407638 
14.066415 
147.339401 
17.601088 
12.315403 
24.928028 
11.775688 
14.407638 
11.736356 
39.849203 
15.285162 
15.940744 
6.938249 
18.272892 
17.797034 
15.160129 
13.540328 
8.704765 
13.416509 
9.119039 
6.664228 
11.273195 
9.123900 
15.138076 
10.639928 
34.419125 
21.919364 
16.935296 
22.762949 
35.415604 
9.138423 
18.325296 
9.293558 
11.295192 
18.494349 
29.326332 
2095.096173 
836.669894 
11.685094 
14.407638 
14.066415 
147.339401 
17.601088 
12.315403 
24.928028 
11.775688 
14.407638 
11.736356 
39.849203 
15.285162 
15.940744 
6.938249 
18.272892 
17.797034 
15.160129 
13.540328 
8.704765 
13.416509 
9.119039 
6.664228 
11.273195 
9.123900 
15.138076 
10.639928 
34.419125 
21.919364 
16.935296 
22.762949 
35.415604 
9.138423 
18.325296 
9.293558 
11.295192 
18.494349 
29.326332 
2095.096173 
836.669894 
11.685094 
14.407638 
14.066415 
147.339401 
17.601088 
12.315403 
24.928028 
11.775688 
14.407638 
11.736356 
39.849203 
15.285162 
15.940744 
6.938249 
18.272892 
17.797034 
15.160129 
13.540328 
8.704765 
13.416509 
9.119039 
6.664228 
11.273195 
9.123900 
15.138076 
10.639928 
34.419125 
21.919364 
16.935296 
22.762949 
35.415604 
9.138423 
18.325296 
9.293558 
11.295192 
18.494349 
29.326332 
