2138.270171 
843.775058 
15.169614 
17.091939 
15.755412 
77.525825 
19.332935 
15.264294 
19.938267 
18.495323 
17.091939 
16.558157 
24.814425 
17.224933 
13.961167 
14.097108 
24.139456 
18.395975 
17.820818 
14.475514 
11.970552 
14.916334 
10.034334 
10.390578 
12.658111 
8.642732 
12.681561 
12.663715 
17.525037 
17.850491 
15.304101 
17.957792 
17.883072 
14.464784 
19.155715 
10.196155 
12.502493 
19.792297 
25.768129 
2138.270171 
843.775058 
15.169614 
17.091939 
15.755412 
77.525825 
19.332935 
15.264294 
19.938267 
18.495323 
17.091939 
16.558157 
24.814425 
17.224933 
13.961167 
14.097108 
24.139456 
18.395975 
17.820818 
14.475514 
11.970552 
14.916334 
10.034334 
10.390578 
12.658111 
8.642732 
12.681561 
12.663715 
17.525037 
17.850491 
15.304101 
17.957792 
17.883072 
14.464784 
19.155715 
10.196155 
12.502493 
19.792297 
25.768129 
2138.270171 
843.775058 
15.169614 
17.091939 
15.755412 
77.525825 
19.332935 
15.264294 
19.938267 
18.495323 
17.091939 
16.558157 
24.814425 
17.224933 
13.961167 
14.097108 
24.139456 
18.395975 
17.820818 
14.475514 
11.970552 
14.916334 
10.034334 
10.390578 
12.658111 
8.642732 
12.681561 
12.663715 
17.525037 
17.850491 
15.304101 
17.957792 
17.883072 
14.464784 
19.155715 
10.196155 
12.502493 
19.792297 
25.768129 
2138.270171 
843.775058 
15.169614 
17.091939 
15.755412 
77.525825 
19.332935 
15.264294 
19.938267 
18.495323 
17.091939 
16.558157 
24.814425 
17.224933 
13.961167 
14.097108 
24.139456 
18.395975 
17.820818 
14.475514 
11.970552 
14.916334 
10.034334 
10.390578 
12.658111 
8.642732 
12.681561 
12.663715 
17.525037 
17.850491 
15.304101 
17.957792 
17.883072 
14.464784 
19.155715 
10.196155 
12.502493 
19.792297 
25.768129 
2138.270171 
843.775058 
15.169614 
17.091939 
15.755412 
77.525825 
19.332935 
15.264294 
19.938267 
18.495323 
17.091939 
16.558157 
24.814425 
17.224933 
13.961167 
14.097108 
24.139456 
18.395975 
17.820818 
14.475514 
11.970552 
14.916334 
10.034334 
10.390578 
12.658111 
8.642732 
12.681561 
12.663715 
17.525037 
17.850491 
15.304101 
17.957792 
17.883072 
14.464784 
19.155715 
10.196155 
12.502493 
19.792297 
25.768129 
