2102.560520 
839.275792 
12.996951 
18.347953 
16.689760 
119.722367 
19.760801 
19.979177 
20.196317 
15.075962 
18.347953 
14.666698 
30.327336 
15.438058 
14.466290 
10.351929 
22.214018 
19.326316 
12.935427 
12.617603 
11.366587 
13.045997 
9.407259 
9.425080 
12.809458 
10.339334 
11.908890 
8.590541 
15.340100 
16.130753 
12.323838 
16.517611 
15.089185 
11.813060 
10.522611 
9.317662 
10.311457 
16.756154 
18.341476 
2102.560520 
839.275792 
12.996951 
18.347953 
16.689760 
119.722367 
19.760801 
19.979177 
20.196317 
15.075962 
18.347953 
14.666698 
30.327336 
15.438058 
14.466290 
10.351929 
22.214018 
19.326316 
12.935427 
12.617603 
11.366587 
13.045997 
9.407259 
9.425080 
12.809458 
10.339334 
11.908890 
8.590541 
15.340100 
16.130753 
12.323838 
16.517611 
15.089185 
11.813060 
10.522611 
9.317662 
10.311457 
16.756154 
18.341476 
2102.560520 
839.275792 
12.996951 
18.347953 
16.689760 
119.722367 
19.760801 
19.979177 
20.196317 
15.075962 
18.347953 
14.666698 
30.327336 
15.438058 
14.466290 
10.351929 
22.214018 
19.326316 
12.935427 
12.617603 
11.366587 
13.045997 
9.407259 
9.425080 
12.809458 
10.339334 
11.908890 
8.590541 
15.340100 
16.130753 
12.323838 
16.517611 
15.089185 
11.813060 
10.522611 
9.317662 
10.311457 
16.756154 
18.341476 
2102.560520 
839.275792 
12.996951 
18.347953 
16.689760 
119.722367 
19.760801 
19.979177 
20.196317 
15.075962 
18.347953 
14.666698 
30.327336 
15.438058 
14.466290 
10.351929 
22.214018 
19.326316 
12.935427 
12.617603 
11.366587 
13.045997 
9.407259 
9.425080 
12.809458 
10.339334 
11.908890 
8.590541 
15.340100 
16.130753 
12.323838 
16.517611 
15.089185 
11.813060 
10.522611 
9.317662 
10.311457 
16.756154 
18.341476 
2102.560520 
839.275792 
12.996951 
18.347953 
16.689760 
119.722367 
19.760801 
19.979177 
20.196317 
15.075962 
18.347953 
14.666698 
30.327336 
15.438058 
14.466290 
10.351929 
22.214018 
19.326316 
12.935427 
12.617603 
11.366587 
13.045997 
9.407259 
9.425080 
12.809458 
10.339334 
11.908890 
8.590541 
15.340100 
16.130753 
12.323838 
16.517611 
15.089185 
11.813060 
10.522611 
9.317662 
10.311457 
16.756154 
18.341476 
