2051.750981 
819.469033 
16.427258 
18.052104 
20.634352 
113.360629 
29.509275 
30.956733 
26.261628 
15.097528 
18.052104 
18.728167 
37.075469 
15.371225 
28.990882 
13.752841 
28.125739 
17.904235 
17.840149 
16.370719 
10.906558 
10.084798 
6.835168 
17.340732 
13.509314 
15.018076 
14.530136 
13.203587 
11.225710 
11.040053 
12.347254 
19.284317 
7.954118 
14.018380 
14.242036 
13.227702 
15.291052 
18.062940 
15.806105 
2051.750981 
819.469033 
16.427258 
18.052104 
20.634352 
113.360629 
29.509275 
30.956733 
26.261628 
15.097528 
18.052104 
18.728167 
37.075469 
15.371225 
28.990882 
13.752841 
28.125739 
17.904235 
17.840149 
16.370719 
10.906558 
10.084798 
6.835168 
17.340732 
13.509314 
15.018076 
14.530136 
13.203587 
11.225710 
11.040053 
12.347254 
19.284317 
7.954118 
14.018380 
14.242036 
13.227702 
15.291052 
18.062940 
15.806105 
2051.750981 
819.469033 
16.427258 
18.052104 
20.634352 
113.360629 
29.509275 
30.956733 
26.261628 
15.097528 
18.052104 
18.728167 
37.075469 
15.371225 
28.990882 
13.752841 
28.125739 
17.904235 
17.840149 
16.370719 
10.906558 
10.084798 
6.835168 
17.340732 
13.509314 
15.018076 
14.530136 
13.203587 
11.225710 
11.040053 
12.347254 
19.284317 
7.954118 
14.018380 
14.242036 
13.227702 
15.291052 
18.062940 
15.806105 
2051.750981 
819.469033 
16.427258 
18.052104 
20.634352 
113.360629 
29.509275 
30.956733 
26.261628 
15.097528 
18.052104 
18.728167 
37.075469 
15.371225 
28.990882 
13.752841 
28.125739 
17.904235 
17.840149 
16.370719 
10.906558 
10.084798 
6.835168 
17.340732 
13.509314 
15.018076 
14.530136 
13.203587 
11.225710 
11.040053 
12.347254 
19.284317 
7.954118 
14.018380 
14.242036 
13.227702 
15.291052 
18.062940 
15.806105 
2051.750981 
819.469033 
16.427258 
18.052104 
20.634352 
113.360629 
29.509275 
30.956733 
26.261628 
15.097528 
18.052104 
18.728167 
37.075469 
15.371225 
28.990882 
13.752841 
28.125739 
17.904235 
17.840149 
16.370719 
10.906558 
10.084798 
6.835168 
17.340732 
13.509314 
15.018076 
14.530136 
13.203587 
11.225710 
11.040053 
12.347254 
19.284317 
7.954118 
14.018380 
14.242036 
13.227702 
15.291052 
18.062940 
15.806105 
