2006.262702 
799.076474 
18.168801 
21.342333 
20.368995 
88.538437 
43.914252 
26.718167 
23.707270 
17.617198 
21.342333 
16.495526 
32.111704 
18.088413 
26.298334 
13.713105 
18.173362 
14.493947 
11.816083 
18.218573 
12.515800 
13.852497 
9.303289 
11.755616 
13.581104 
14.152566 
15.912837 
11.881969 
29.301937 
16.397443 
16.491584 
20.317261 
29.394879 
15.745655 
21.608446 
19.319509 
15.314922 
36.481304 
28.603906 
2006.262702 
799.076474 
18.168801 
21.342333 
20.368995 
88.538437 
43.914252 
26.718167 
23.707270 
17.617198 
21.342333 
16.495526 
32.111704 
18.088413 
26.298334 
13.713105 
18.173362 
14.493947 
11.816083 
18.218573 
12.515800 
13.852497 
9.303289 
11.755616 
13.581104 
14.152566 
15.912837 
11.881969 
29.301937 
16.397443 
16.491584 
20.317261 
29.394879 
15.745655 
21.608446 
19.319509 
15.314922 
36.481304 
28.603906 
2006.262702 
799.076474 
18.168801 
21.342333 
20.368995 
88.538437 
43.914252 
26.718167 
23.707270 
17.617198 
21.342333 
16.495526 
32.111704 
18.088413 
26.298334 
13.713105 
18.173362 
14.493947 
11.816083 
18.218573 
12.515800 
13.852497 
9.303289 
11.755616 
13.581104 
14.152566 
15.912837 
11.881969 
29.301937 
16.397443 
16.491584 
20.317261 
29.394879 
15.745655 
21.608446 
19.319509 
15.314922 
36.481304 
28.603906 
2006.262702 
799.076474 
18.168801 
21.342333 
20.368995 
88.538437 
43.914252 
26.718167 
23.707270 
17.617198 
21.342333 
16.495526 
32.111704 
18.088413 
26.298334 
13.713105 
18.173362 
14.493947 
11.816083 
18.218573 
12.515800 
13.852497 
9.303289 
11.755616 
13.581104 
14.152566 
15.912837 
11.881969 
29.301937 
16.397443 
16.491584 
20.317261 
29.394879 
15.745655 
21.608446 
19.319509 
15.314922 
36.481304 
28.603906 
2006.262702 
799.076474 
18.168801 
21.342333 
20.368995 
88.538437 
43.914252 
26.718167 
23.707270 
17.617198 
21.342333 
16.495526 
32.111704 
18.088413 
26.298334 
13.713105 
18.173362 
14.493947 
11.816083 
18.218573 
12.515800 
13.852497 
9.303289 
11.755616 
13.581104 
14.152566 
15.912837 
11.881969 
29.301937 
16.397443 
16.491584 
20.317261 
29.394879 
15.745655 
21.608446 
19.319509 
15.314922 
36.481304 
28.603906 
