1976.717942 
768.876751 
15.619745 
20.099956 
17.865689 
89.720365 
26.012765 
19.629729 
21.907109 
14.924184 
20.099956 
13.802502 
38.823737 
14.002981 
14.091757 
8.207401 
18.052591 
19.024874 
12.807995 
12.958061 
9.526379 
13.689322 
10.077638 
12.103495 
12.478841 
11.959869 
17.739085 
13.335863 
16.986594 
14.529127 
14.257454 
24.198208 
19.237494 
14.449164 
13.123140 
10.549324 
12.608184 
12.382019 
17.509457 
1976.717942 
768.876751 
15.619745 
20.099956 
17.865689 
89.720365 
26.012765 
19.629729 
21.907109 
14.924184 
20.099956 
13.802502 
38.823737 
14.002981 
14.091757 
8.207401 
18.052591 
19.024874 
12.807995 
12.958061 
9.526379 
13.689322 
10.077638 
12.103495 
12.478841 
11.959869 
17.739085 
13.335863 
16.986594 
14.529127 
14.257454 
24.198208 
19.237494 
14.449164 
13.123140 
10.549324 
12.608184 
12.382019 
17.509457 
1976.717942 
768.876751 
15.619745 
20.099956 
17.865689 
89.720365 
26.012765 
19.629729 
21.907109 
14.924184 
20.099956 
13.802502 
38.823737 
14.002981 
14.091757 
8.207401 
18.052591 
19.024874 
12.807995 
12.958061 
9.526379 
13.689322 
10.077638 
12.103495 
12.478841 
11.959869 
17.739085 
13.335863 
16.986594 
14.529127 
14.257454 
24.198208 
19.237494 
14.449164 
13.123140 
10.549324 
12.608184 
12.382019 
17.509457 
1976.717942 
768.876751 
15.619745 
20.099956 
17.865689 
89.720365 
26.012765 
19.629729 
21.907109 
14.924184 
20.099956 
13.802502 
38.823737 
14.002981 
14.091757 
8.207401 
18.052591 
19.024874 
12.807995 
12.958061 
9.526379 
13.689322 
10.077638 
12.103495 
12.478841 
11.959869 
17.739085 
13.335863 
16.986594 
14.529127 
14.257454 
24.198208 
19.237494 
14.449164 
13.123140 
10.549324 
12.608184 
12.382019 
17.509457 
1976.717942 
768.876751 
15.619745 
20.099956 
17.865689 
89.720365 
26.012765 
19.629729 
21.907109 
14.924184 
20.099956 
13.802502 
38.823737 
14.002981 
14.091757 
8.207401 
18.052591 
19.024874 
12.807995 
12.958061 
9.526379 
13.689322 
10.077638 
12.103495 
12.478841 
11.959869 
17.739085 
13.335863 
16.986594 
14.529127 
14.257454 
24.198208 
19.237494 
14.449164 
13.123140 
10.549324 
12.608184 
12.382019 
17.509457 
