2052.885717 
817.145407 
14.737141 
14.504672 
15.229829 
124.626755 
24.417785 
17.481172 
15.281078 
16.653438 
14.504672 
16.704729 
23.219422 
12.502021 
16.171163 
14.030479 
23.200191 
18.673528 
14.245463 
18.460188 
15.008579 
9.407917 
12.909578 
11.476858 
11.395875 
12.501718 
13.848430 
10.257972 
28.164869 
16.171233 
16.183792 
19.019837 
12.954583 
13.986669 
21.538963 
10.768245 
12.322530 
23.720001 
22.046116 
2052.885717 
817.145407 
14.737141 
14.504672 
15.229829 
124.626755 
24.417785 
17.481172 
15.281078 
16.653438 
14.504672 
16.704729 
23.219422 
12.502021 
16.171163 
14.030479 
23.200191 
18.673528 
14.245463 
18.460188 
15.008579 
9.407917 
12.909578 
11.476858 
11.395875 
12.501718 
13.848430 
10.257972 
28.164869 
16.171233 
16.183792 
19.019837 
12.954583 
13.986669 
21.538963 
10.768245 
12.322530 
23.720001 
22.046116 
2052.885717 
817.145407 
14.737141 
14.504672 
15.229829 
124.626755 
24.417785 
17.481172 
15.281078 
16.653438 
14.504672 
16.704729 
23.219422 
12.502021 
16.171163 
14.030479 
23.200191 
18.673528 
14.245463 
18.460188 
15.008579 
9.407917 
12.909578 
11.476858 
11.395875 
12.501718 
13.848430 
10.257972 
28.164869 
16.171233 
16.183792 
19.019837 
12.954583 
13.986669 
21.538963 
10.768245 
12.322530 
23.720001 
22.046116 
2052.885717 
817.145407 
14.737141 
14.504672 
15.229829 
124.626755 
24.417785 
17.481172 
15.281078 
16.653438 
14.504672 
16.704729 
23.219422 
12.502021 
16.171163 
14.030479 
23.200191 
18.673528 
14.245463 
18.460188 
15.008579 
9.407917 
12.909578 
11.476858 
11.395875 
12.501718 
13.848430 
10.257972 
28.164869 
16.171233 
16.183792 
19.019837 
12.954583 
13.986669 
21.538963 
10.768245 
12.322530 
23.720001 
22.046116 
2052.885717 
817.145407 
14.737141 
14.504672 
15.229829 
124.626755 
24.417785 
17.481172 
15.281078 
16.653438 
14.504672 
16.704729 
23.219422 
12.502021 
16.171163 
14.030479 
23.200191 
18.673528 
14.245463 
18.460188 
15.008579 
9.407917 
12.909578 
11.476858 
11.395875 
12.501718 
13.848430 
10.257972 
28.164869 
16.171233 
16.183792 
19.019837 
12.954583 
13.986669 
21.538963 
10.768245 
12.322530 
23.720001 
22.046116 
