2021.208824 
803.351962 
15.233307 
16.424608 
16.281104 
67.477838 
22.238912 
18.497751 
21.815870 
15.204488 
16.424608 
19.398911 
27.281559 
10.815394 
10.937125 
13.292489 
26.526994 
21.367068 
14.709432 
15.935516 
10.842301 
15.458688 
13.335267 
9.827004 
16.156048 
9.564437 
15.878372 
11.701943 
21.327812 
15.798057 
14.651690 
21.179544 
24.116321 
13.642261 
10.660728 
14.745533 
11.643269 
24.806347 
22.994941 
2011.578781 
804.667231 
18.035697 
20.374999 
19.672300 
102.373267 
29.059007 
19.620052 
26.797259 
11.645890 
20.374999 
19.012085 
33.281491 
16.522758 
22.454070 
18.861561 
29.293274 
28.181067 
25.571715 
17.270074 
15.372641 
15.095831 
13.743711 
10.620895 
13.101464 
11.883192 
12.119315 
11.876279 
15.607227 
13.629187 
14.314443 
16.960829 
11.688684 
15.932037 
13.545730 
15.063558 
14.072383 
25.626791 
24.176051 
2011.578781 
804.667231 
18.035697 
20.374999 
19.672300 
102.373267 
29.059007 
19.620052 
26.797259 
11.645890 
20.374999 
19.012085 
33.281491 
16.522758 
22.454070 
18.861561 
29.293274 
28.181067 
25.571715 
17.270074 
15.372641 
15.095831 
13.743711 
10.620895 
13.101464 
11.883192 
12.119315 
11.876279 
15.607227 
13.629187 
14.314443 
16.960829 
11.688684 
15.932037 
13.545730 
15.063558 
14.072383 
25.626791 
24.176051 
2011.578781 
804.667231 
18.035697 
20.374999 
19.672300 
102.373267 
29.059007 
19.620052 
26.797259 
11.645890 
20.374999 
19.012085 
33.281491 
16.522758 
22.454070 
18.861561 
29.293274 
28.181067 
25.571715 
17.270074 
15.372641 
15.095831 
13.743711 
10.620895 
13.101464 
11.883192 
12.119315 
11.876279 
15.607227 
13.629187 
14.314443 
16.960829 
11.688684 
15.932037 
13.545730 
15.063558 
14.072383 
25.626791 
24.176051 
2011.578781 
804.667231 
18.035697 
20.374999 
19.672300 
102.373267 
29.059007 
19.620052 
26.797259 
11.645890 
20.374999 
19.012085 
33.281491 
16.522758 
22.454070 
18.861561 
29.293274 
28.181067 
25.571715 
17.270074 
15.372641 
15.095831 
13.743711 
10.620895 
13.101464 
11.883192 
12.119315 
11.876279 
15.607227 
13.629187 
14.314443 
16.960829 
11.688684 
15.932037 
13.545730 
15.063558 
14.072383 
25.626791 
24.176051 
