1995.542170 
804.051590 
13.349134 
16.973982 
25.002592 
111.524463 
16.655886 
14.597094 
15.866255 
28.646781 
16.973982 
13.786492 
25.713427 
13.443527 
20.707922 
13.769058 
24.857733 
17.575681 
12.737112 
10.392454 
18.291333 
7.885499 
16.288988 
20.209550 
30.682114 
16.910610 
23.942304 
46.859180 
30.831069 
36.752493 
39.546552 
23.446263 
28.702067 
11.838942 
14.228813 
11.170853 
13.540627 
33.180455 
18.236163 
1995.542170 
804.051590 
13.349134 
16.973982 
25.002592 
111.524463 
16.655886 
14.597094 
15.866255 
28.646781 
16.973982 
13.786492 
25.713427 
13.443527 
20.707922 
13.769058 
24.857733 
17.575681 
12.737112 
10.392454 
18.291333 
7.885499 
16.288988 
20.209550 
30.682114 
16.910610 
23.942304 
46.859180 
30.831069 
36.752493 
39.546552 
23.446263 
28.702067 
11.838942 
14.228813 
11.170853 
13.540627 
33.180455 
18.236163 
1995.542170 
804.051590 
13.349134 
16.973982 
25.002592 
111.524463 
16.655886 
14.597094 
15.866255 
28.646781 
16.973982 
13.786492 
25.713427 
13.443527 
20.707922 
13.769058 
24.857733 
17.575681 
12.737112 
10.392454 
18.291333 
7.885499 
16.288988 
20.209550 
30.682114 
16.910610 
23.942304 
46.859180 
30.831069 
36.752493 
39.546552 
23.446263 
28.702067 
11.838942 
14.228813 
11.170853 
13.540627 
33.180455 
18.236163 
1995.542170 
804.051590 
13.349134 
16.973982 
25.002592 
111.524463 
16.655886 
14.597094 
15.866255 
28.646781 
16.973982 
13.786492 
25.713427 
13.443527 
20.707922 
13.769058 
24.857733 
17.575681 
12.737112 
10.392454 
18.291333 
7.885499 
16.288988 
20.209550 
30.682114 
16.910610 
23.942304 
46.859180 
30.831069 
36.752493 
39.546552 
23.446263 
28.702067 
11.838942 
14.228813 
11.170853 
13.540627 
33.180455 
18.236163 
1995.542170 
804.051590 
13.349134 
16.973982 
25.002592 
111.524463 
16.655886 
14.597094 
15.866255 
28.646781 
16.973982 
13.786492 
25.713427 
13.443527 
20.707922 
13.769058 
24.857733 
17.575681 
12.737112 
10.392454 
18.291333 
7.885499 
16.288988 
20.209550 
30.682114 
16.910610 
23.942304 
46.859180 
30.831069 
36.752493 
39.546552 
23.446263 
28.702067 
11.838942 
14.228813 
11.170853 
13.540627 
33.180455 
18.236163 
