1946.001816 
793.233256 
12.917700 
13.723620 
26.602537 
78.082003 
14.177859 
21.352308 
17.718971 
21.355230 
13.723620 
16.790584 
24.459663 
18.397262 
13.151057 
10.785878 
19.865606 
12.484390 
23.332545 
16.222694 
24.308413 
15.804924 
12.980486 
16.323147 
24.649818 
22.332855 
20.264793 
32.983069 
35.410012 
31.618887 
45.932596 
26.055193 
34.513922 
11.077679 
35.494245 
13.342509 
16.258095 
20.904025 
25.981799 
1946.001816 
793.233256 
12.917700 
13.723620 
26.602537 
78.082003 
14.177859 
21.352308 
17.718971 
21.355230 
13.723620 
16.790584 
24.459663 
18.397262 
13.151057 
10.785878 
19.865606 
12.484390 
23.332545 
16.222694 
24.308413 
15.804924 
12.980486 
16.323147 
24.649818 
22.332855 
20.264793 
32.983069 
35.410012 
31.618887 
45.932596 
26.055193 
34.513922 
11.077679 
35.494245 
13.342509 
16.258095 
20.904025 
25.981799 
1946.001816 
793.233256 
12.917700 
13.723620 
26.602537 
78.082003 
14.177859 
21.352308 
17.718971 
21.355230 
13.723620 
16.790584 
24.459663 
18.397262 
13.151057 
10.785878 
19.865606 
12.484390 
23.332545 
16.222694 
24.308413 
15.804924 
12.980486 
16.323147 
24.649818 
22.332855 
20.264793 
32.983069 
35.410012 
31.618887 
45.932596 
26.055193 
34.513922 
11.077679 
35.494245 
13.342509 
16.258095 
20.904025 
25.981799 
1946.001816 
793.233256 
12.917700 
13.723620 
26.602537 
78.082003 
14.177859 
21.352308 
17.718971 
21.355230 
13.723620 
16.790584 
24.459663 
18.397262 
13.151057 
10.785878 
19.865606 
12.484390 
23.332545 
16.222694 
24.308413 
15.804924 
12.980486 
16.323147 
24.649818 
22.332855 
20.264793 
32.983069 
35.410012 
31.618887 
45.932596 
26.055193 
34.513922 
11.077679 
35.494245 
13.342509 
16.258095 
20.904025 
25.981799 
1946.001816 
793.233256 
12.917700 
13.723620 
26.602537 
78.082003 
14.177859 
21.352308 
17.718971 
21.355230 
13.723620 
16.790584 
24.459663 
18.397262 
13.151057 
10.785878 
19.865606 
12.484390 
23.332545 
16.222694 
24.308413 
15.804924 
12.980486 
16.323147 
24.649818 
22.332855 
20.264793 
32.983069 
35.410012 
31.618887 
45.932596 
26.055193 
34.513922 
11.077679 
35.494245 
13.342509 
16.258095 
20.904025 
25.981799 
