2053.791699 
807.466149 
14.921612 
16.848874 
29.361115 
86.906317 
16.113779 
16.634520 
20.289432 
23.857019 
16.848874 
15.208661 
28.611571 
18.198212 
19.814265 
11.157541 
22.206652 
20.806150 
14.706511 
15.082638 
18.644861 
10.886496 
15.271222 
12.903210 
16.904884 
18.591839 
15.073718 
41.954222 
17.891472 
31.041266 
31.586285 
23.033300 
25.270034 
12.077232 
13.910442 
11.804566 
13.357839 
17.885541 
21.061973 
2053.791699 
807.466149 
14.921612 
16.848874 
29.361115 
86.906317 
16.113779 
16.634520 
20.289432 
23.857019 
16.848874 
15.208661 
28.611571 
18.198212 
19.814265 
11.157541 
22.206652 
20.806150 
14.706511 
15.082638 
18.644861 
10.886496 
15.271222 
12.903210 
16.904884 
18.591839 
15.073718 
41.954222 
17.891472 
31.041266 
31.586285 
23.033300 
25.270034 
12.077232 
13.910442 
11.804566 
13.357839 
17.885541 
21.061973 
2053.791699 
807.466149 
14.921612 
16.848874 
29.361115 
86.906317 
16.113779 
16.634520 
20.289432 
23.857019 
16.848874 
15.208661 
28.611571 
18.198212 
19.814265 
11.157541 
22.206652 
20.806150 
14.706511 
15.082638 
18.644861 
10.886496 
15.271222 
12.903210 
16.904884 
18.591839 
15.073718 
41.954222 
17.891472 
31.041266 
31.586285 
23.033300 
25.270034 
12.077232 
13.910442 
11.804566 
13.357839 
17.885541 
21.061973 
2053.791699 
807.466149 
14.921612 
16.848874 
29.361115 
86.906317 
16.113779 
16.634520 
20.289432 
23.857019 
16.848874 
15.208661 
28.611571 
18.198212 
19.814265 
11.157541 
22.206652 
20.806150 
14.706511 
15.082638 
18.644861 
10.886496 
15.271222 
12.903210 
16.904884 
18.591839 
15.073718 
41.954222 
17.891472 
31.041266 
31.586285 
23.033300 
25.270034 
12.077232 
13.910442 
11.804566 
13.357839 
17.885541 
21.061973 
2053.791699 
807.466149 
14.921612 
16.848874 
29.361115 
86.906317 
16.113779 
16.634520 
20.289432 
23.857019 
16.848874 
15.208661 
28.611571 
18.198212 
19.814265 
11.157541 
22.206652 
20.806150 
14.706511 
15.082638 
18.644861 
10.886496 
15.271222 
12.903210 
16.904884 
18.591839 
15.073718 
41.954222 
17.891472 
31.041266 
31.586285 
23.033300 
25.270034 
12.077232 
13.910442 
11.804566 
13.357839 
17.885541 
21.061973 
