2161.293189 
851.763251 
15.151406 
11.858483 
27.275781 
68.253449 
15.496274 
9.817243 
13.907091 
10.957792 
11.858483 
13.946700 
25.871756 
14.755862 
16.032040 
12.724218 
19.943384 
18.676166 
14.305453 
12.985316 
12.847592 
9.551214 
14.120467 
15.447718 
14.867582 
27.055779 
20.661682 
13.778166 
29.403332 
36.585289 
31.923918 
35.967962 
33.927576 
13.589760 
25.898853 
33.769285 
26.625041 
21.540262 
19.570752 
2161.293189 
851.763251 
15.151406 
11.858483 
27.275781 
68.253449 
15.496274 
9.817243 
13.907091 
10.957792 
11.858483 
13.946700 
25.871756 
14.755862 
16.032040 
12.724218 
19.943384 
18.676166 
14.305453 
12.985316 
12.847592 
9.551214 
14.120467 
15.447718 
14.867582 
27.055779 
20.661682 
13.778166 
29.403332 
36.585289 
31.923918 
35.967962 
33.927576 
13.589760 
25.898853 
33.769285 
26.625041 
21.540262 
19.570752 
2161.293189 
851.763251 
15.151406 
11.858483 
27.275781 
68.253449 
15.496274 
9.817243 
13.907091 
10.957792 
11.858483 
13.946700 
25.871756 
14.755862 
16.032040 
12.724218 
19.943384 
18.676166 
14.305453 
12.985316 
12.847592 
9.551214 
14.120467 
15.447718 
14.867582 
27.055779 
20.661682 
13.778166 
29.403332 
36.585289 
31.923918 
35.967962 
33.927576 
13.589760 
25.898853 
33.769285 
26.625041 
21.540262 
19.570752 
2161.293189 
851.763251 
15.151406 
11.858483 
27.275781 
68.253449 
15.496274 
9.817243 
13.907091 
10.957792 
11.858483 
13.946700 
25.871756 
14.755862 
16.032040 
12.724218 
19.943384 
18.676166 
14.305453 
12.985316 
12.847592 
9.551214 
14.120467 
15.447718 
14.867582 
27.055779 
20.661682 
13.778166 
29.403332 
36.585289 
31.923918 
35.967962 
33.927576 
13.589760 
25.898853 
33.769285 
26.625041 
21.540262 
19.570752 
2161.293189 
851.763251 
15.151406 
11.858483 
27.275781 
68.253449 
15.496274 
9.817243 
13.907091 
10.957792 
11.858483 
13.946700 
25.871756 
14.755862 
16.032040 
12.724218 
19.943384 
18.676166 
14.305453 
12.985316 
12.847592 
9.551214 
14.120467 
15.447718 
14.867582 
27.055779 
20.661682 
13.778166 
29.403332 
36.585289 
31.923918 
35.967962 
33.927576 
13.589760 
25.898853 
33.769285 
26.625041 
21.540262 
19.570752 
