1960.003929 
785.183108 
16.552083 
12.950858 
31.119547 
83.728444 
21.866976 
23.322838 
18.221198 
23.009975 
12.950858 
20.925842 
43.193044 
17.180134 
13.027996 
15.965632 
23.979986 
24.363301 
22.587301 
25.229423 
16.509067 
20.334836 
16.300354 
20.273714 
23.555090 
21.626799 
15.661766 
36.182076 
23.865830 
34.112385 
37.912999 
25.043479 
30.006596 
15.046826 
19.983647 
21.707238 
19.703300 
16.159354 
21.382147 
1960.003929 
785.183108 
16.552083 
12.950858 
31.119547 
83.728444 
21.866976 
23.322838 
18.221198 
23.009975 
12.950858 
20.925842 
43.193044 
17.180134 
13.027996 
15.965632 
23.979986 
24.363301 
22.587301 
25.229423 
16.509067 
20.334836 
16.300354 
20.273714 
23.555090 
21.626799 
15.661766 
36.182076 
23.865830 
34.112385 
37.912999 
25.043479 
30.006596 
15.046826 
19.983647 
21.707238 
19.703300 
16.159354 
21.382147 
1960.003929 
785.183108 
16.552083 
12.950858 
31.119547 
83.728444 
21.866976 
23.322838 
18.221198 
23.009975 
12.950858 
20.925842 
43.193044 
17.180134 
13.027996 
15.965632 
23.979986 
24.363301 
22.587301 
25.229423 
16.509067 
20.334836 
16.300354 
20.273714 
23.555090 
21.626799 
15.661766 
36.182076 
23.865830 
34.112385 
37.912999 
25.043479 
30.006596 
15.046826 
19.983647 
21.707238 
19.703300 
16.159354 
21.382147 
1960.003929 
785.183108 
16.552083 
12.950858 
31.119547 
83.728444 
21.866976 
23.322838 
18.221198 
23.009975 
12.950858 
20.925842 
43.193044 
17.180134 
13.027996 
15.965632 
23.979986 
24.363301 
22.587301 
25.229423 
16.509067 
20.334836 
16.300354 
20.273714 
23.555090 
21.626799 
15.661766 
36.182076 
23.865830 
34.112385 
37.912999 
25.043479 
30.006596 
15.046826 
19.983647 
21.707238 
19.703300 
16.159354 
21.382147 
1960.003929 
785.183108 
16.552083 
12.950858 
31.119547 
83.728444 
21.866976 
23.322838 
18.221198 
23.009975 
12.950858 
20.925842 
43.193044 
17.180134 
13.027996 
15.965632 
23.979986 
24.363301 
22.587301 
25.229423 
16.509067 
20.334836 
16.300354 
20.273714 
23.555090 
21.626799 
15.661766 
36.182076 
23.865830 
34.112385 
37.912999 
25.043479 
30.006596 
15.046826 
19.983647 
21.707238 
19.703300 
16.159354 
21.382147 
