1963.132176 
780.203700 
17.885632 
22.615394 
31.826000 
69.529101 
23.305326 
27.556315 
25.815885 
23.783490 
22.615394 
20.411884 
28.596450 
17.457594 
26.652420 
14.354932 
21.017608 
23.215892 
26.622120 
20.273100 
12.309629 
23.089999 
17.159789 
21.487435 
23.562065 
16.744651 
17.438196 
28.936065 
27.567519 
34.764323 
34.242274 
22.429128 
24.716130 
16.941683 
39.642667 
15.665378 
17.572227 
14.619049 
23.044727 
1963.132176 
780.203700 
17.885632 
22.615394 
31.826000 
69.529101 
23.305326 
27.556315 
25.815885 
23.783490 
22.615394 
20.411884 
28.596450 
17.457594 
26.652420 
14.354932 
21.017608 
23.215892 
26.622120 
20.273100 
12.309629 
23.089999 
17.159789 
21.487435 
23.562065 
16.744651 
17.438196 
28.936065 
27.567519 
34.764323 
34.242274 
22.429128 
24.716130 
16.941683 
39.642667 
15.665378 
17.572227 
14.619049 
23.044727 
1963.132176 
780.203700 
17.885632 
22.615394 
31.826000 
69.529101 
23.305326 
27.556315 
25.815885 
23.783490 
22.615394 
20.411884 
28.596450 
17.457594 
26.652420 
14.354932 
21.017608 
23.215892 
26.622120 
20.273100 
12.309629 
23.089999 
17.159789 
21.487435 
23.562065 
16.744651 
17.438196 
28.936065 
27.567519 
34.764323 
34.242274 
22.429128 
24.716130 
16.941683 
39.642667 
15.665378 
17.572227 
14.619049 
23.044727 
1963.132176 
780.203700 
17.885632 
22.615394 
31.826000 
69.529101 
23.305326 
27.556315 
25.815885 
23.783490 
22.615394 
20.411884 
28.596450 
17.457594 
26.652420 
14.354932 
21.017608 
23.215892 
26.622120 
20.273100 
12.309629 
23.089999 
17.159789 
21.487435 
23.562065 
16.744651 
17.438196 
28.936065 
27.567519 
34.764323 
34.242274 
22.429128 
24.716130 
16.941683 
39.642667 
15.665378 
17.572227 
14.619049 
23.044727 
1963.132176 
780.203700 
17.885632 
22.615394 
31.826000 
69.529101 
23.305326 
27.556315 
25.815885 
23.783490 
22.615394 
20.411884 
28.596450 
17.457594 
26.652420 
14.354932 
21.017608 
23.215892 
26.622120 
20.273100 
12.309629 
23.089999 
17.159789 
21.487435 
23.562065 
16.744651 
17.438196 
28.936065 
27.567519 
34.764323 
34.242274 
22.429128 
24.716130 
16.941683 
39.642667 
15.665378 
17.572227 
14.619049 
23.044727 
