2025.218333 
785.454189 
21.401992 
26.619438 
30.175213 
72.877324 
41.430985 
27.474967 
29.993579 
25.300447 
26.619438 
16.804579 
36.538632 
25.869648 
28.651855 
22.605979 
35.768040 
31.970459 
26.265020 
22.166680 
12.336069 
10.455511 
10.187040 
18.653584 
17.605010 
10.437741 
11.253576 
24.713095 
11.673236 
12.754798 
29.141540 
13.194875 
9.213136 
16.635729 
15.948098 
10.583642 
19.555516 
14.993387 
9.776617 
2025.218333 
785.454189 
21.401992 
26.619438 
30.175213 
72.877324 
41.430985 
27.474967 
29.993579 
25.300447 
26.619438 
16.804579 
36.538632 
25.869648 
28.651855 
22.605979 
35.768040 
31.970459 
26.265020 
22.166680 
12.336069 
10.455511 
10.187040 
18.653584 
17.605010 
10.437741 
11.253576 
24.713095 
11.673236 
12.754798 
29.141540 
13.194875 
9.213136 
16.635729 
15.948098 
10.583642 
19.555516 
14.993387 
9.776617 
2025.218333 
785.454189 
21.401992 
26.619438 
30.175213 
72.877324 
41.430985 
27.474967 
29.993579 
25.300447 
26.619438 
16.804579 
36.538632 
25.869648 
28.651855 
22.605979 
35.768040 
31.970459 
26.265020 
22.166680 
12.336069 
10.455511 
10.187040 
18.653584 
17.605010 
10.437741 
11.253576 
24.713095 
11.673236 
12.754798 
29.141540 
13.194875 
9.213136 
16.635729 
15.948098 
10.583642 
19.555516 
14.993387 
9.776617 
2025.218333 
785.454189 
21.401992 
26.619438 
30.175213 
72.877324 
41.430985 
27.474967 
29.993579 
25.300447 
26.619438 
16.804579 
36.538632 
25.869648 
28.651855 
22.605979 
35.768040 
31.970459 
26.265020 
22.166680 
12.336069 
10.455511 
10.187040 
18.653584 
17.605010 
10.437741 
11.253576 
24.713095 
11.673236 
12.754798 
29.141540 
13.194875 
9.213136 
16.635729 
15.948098 
10.583642 
19.555516 
14.993387 
9.776617 
2025.218333 
785.454189 
21.401992 
26.619438 
30.175213 
72.877324 
41.430985 
27.474967 
29.993579 
25.300447 
26.619438 
16.804579 
36.538632 
25.869648 
28.651855 
22.605979 
35.768040 
31.970459 
26.265020 
22.166680 
12.336069 
10.455511 
10.187040 
18.653584 
17.605010 
10.437741 
11.253576 
24.713095 
11.673236 
12.754798 
29.141540 
13.194875 
9.213136 
16.635729 
15.948098 
10.583642 
19.555516 
14.993387 
9.776617 
