2018.049202 
786.916053 
18.564037 
20.535702 
29.390195 
109.404184 
26.380469 
23.060899 
27.553689 
28.236892 
20.535702 
16.609643 
55.836850 
17.527705 
24.324957 
13.302377 
40.110204 
22.419279 
19.622084 
18.402385 
17.463737 
14.539508 
12.706319 
15.552068 
15.068865 
9.355901 
19.771517 
31.886730 
19.486273 
28.327356 
43.735650 
20.926879 
13.339681 
14.617168 
15.595840 
16.196132 
18.198152 
17.253481 
12.604683 
2018.049202 
786.916053 
18.564037 
20.535702 
29.390195 
109.404184 
26.380469 
23.060899 
27.553689 
28.236892 
20.535702 
16.609643 
55.836850 
17.527705 
24.324957 
13.302377 
40.110204 
22.419279 
19.622084 
18.402385 
17.463737 
14.539508 
12.706319 
15.552068 
15.068865 
9.355901 
19.771517 
31.886730 
19.486273 
28.327356 
43.735650 
20.926879 
13.339681 
14.617168 
15.595840 
16.196132 
18.198152 
17.253481 
12.604683 
2018.049202 
786.916053 
18.564037 
20.535702 
29.390195 
109.404184 
26.380469 
23.060899 
27.553689 
28.236892 
20.535702 
16.609643 
55.836850 
17.527705 
24.324957 
13.302377 
40.110204 
22.419279 
19.622084 
18.402385 
17.463737 
14.539508 
12.706319 
15.552068 
15.068865 
9.355901 
19.771517 
31.886730 
19.486273 
28.327356 
43.735650 
20.926879 
13.339681 
14.617168 
15.595840 
16.196132 
18.198152 
17.253481 
12.604683 
2018.049202 
786.916053 
18.564037 
20.535702 
29.390195 
109.404184 
26.380469 
23.060899 
27.553689 
28.236892 
20.535702 
16.609643 
55.836850 
17.527705 
24.324957 
13.302377 
40.110204 
22.419279 
19.622084 
18.402385 
17.463737 
14.539508 
12.706319 
15.552068 
15.068865 
9.355901 
19.771517 
31.886730 
19.486273 
28.327356 
43.735650 
20.926879 
13.339681 
14.617168 
15.595840 
16.196132 
18.198152 
17.253481 
12.604683 
2018.049202 
786.916053 
18.564037 
20.535702 
29.390195 
109.404184 
26.380469 
23.060899 
27.553689 
28.236892 
20.535702 
16.609643 
55.836850 
17.527705 
24.324957 
13.302377 
40.110204 
22.419279 
19.622084 
18.402385 
17.463737 
14.539508 
12.706319 
15.552068 
15.068865 
9.355901 
19.771517 
31.886730 
19.486273 
28.327356 
43.735650 
20.926879 
13.339681 
14.617168 
15.595840 
16.196132 
18.198152 
17.253481 
12.604683 
