1960.251840 
783.857144 
13.803902 
12.153449 
30.766973 
56.436768 
23.550305 
12.842296 
18.759823 
15.238436 
12.153449 
11.599868 
28.346434 
14.175439 
17.304784 
7.247876 
22.613933 
11.422907 
12.521466 
14.655965 
12.641860 
14.245093 
11.494010 
18.630599 
21.785363 
16.964461 
21.858615 
28.076279 
30.781236 
35.325260 
33.783512 
35.588538 
38.362356 
13.386463 
65.454638 
37.720117 
32.247998 
19.710616 
22.301434 
1960.251840 
783.857144 
13.803902 
12.153449 
30.766973 
56.436768 
23.550305 
12.842296 
18.759823 
15.238436 
12.153449 
11.599868 
28.346434 
14.175439 
17.304784 
7.247876 
22.613933 
11.422907 
12.521466 
14.655965 
12.641860 
14.245093 
11.494010 
18.630599 
21.785363 
16.964461 
21.858615 
28.076279 
30.781236 
35.325260 
33.783512 
35.588538 
38.362356 
13.386463 
65.454638 
37.720117 
32.247998 
19.710616 
22.301434 
1960.251840 
783.857144 
13.803902 
12.153449 
30.766973 
56.436768 
23.550305 
12.842296 
18.759823 
15.238436 
12.153449 
11.599868 
28.346434 
14.175439 
17.304784 
7.247876 
22.613933 
11.422907 
12.521466 
14.655965 
12.641860 
14.245093 
11.494010 
18.630599 
21.785363 
16.964461 
21.858615 
28.076279 
30.781236 
35.325260 
33.783512 
35.588538 
38.362356 
13.386463 
65.454638 
37.720117 
32.247998 
19.710616 
22.301434 
1960.251840 
783.857144 
13.803902 
12.153449 
30.766973 
56.436768 
23.550305 
12.842296 
18.759823 
15.238436 
12.153449 
11.599868 
28.346434 
14.175439 
17.304784 
7.247876 
22.613933 
11.422907 
12.521466 
14.655965 
12.641860 
14.245093 
11.494010 
18.630599 
21.785363 
16.964461 
21.858615 
28.076279 
30.781236 
35.325260 
33.783512 
35.588538 
38.362356 
13.386463 
65.454638 
37.720117 
32.247998 
19.710616 
22.301434 
1960.251840 
783.857144 
13.803902 
12.153449 
30.766973 
56.436768 
23.550305 
12.842296 
18.759823 
15.238436 
12.153449 
11.599868 
28.346434 
14.175439 
17.304784 
7.247876 
22.613933 
11.422907 
12.521466 
14.655965 
12.641860 
14.245093 
11.494010 
18.630599 
21.785363 
16.964461 
21.858615 
28.076279 
30.781236 
35.325260 
33.783512 
35.588538 
38.362356 
13.386463 
65.454638 
37.720117 
32.247998 
19.710616 
22.301434 
