1975.936090 
788.284537 
18.359168 
21.616445 
27.828396 
80.777412 
26.202203 
29.683740 
18.541888 
16.313497 
21.616445 
24.134139 
42.811318 
20.629165 
13.387895 
13.430983 
20.082338 
31.510347 
24.988287 
24.162012 
22.448984 
17.668480 
21.692120 
15.911756 
15.920744 
14.246018 
31.456003 
20.646985 
34.998648 
54.886920 
37.557480 
38.211355 
33.561925 
16.251379 
30.549038 
15.025194 
15.565951 
37.337741 
24.344549 
1975.936090 
788.284537 
18.359168 
21.616445 
27.828396 
80.777412 
26.202203 
29.683740 
18.541888 
16.313497 
21.616445 
24.134139 
42.811318 
20.629165 
13.387895 
13.430983 
20.082338 
31.510347 
24.988287 
24.162012 
22.448984 
17.668480 
21.692120 
15.911756 
15.920744 
14.246018 
31.456003 
20.646985 
34.998648 
54.886920 
37.557480 
38.211355 
33.561925 
16.251379 
30.549038 
15.025194 
15.565951 
37.337741 
24.344549 
1975.936090 
788.284537 
18.359168 
21.616445 
27.828396 
80.777412 
26.202203 
29.683740 
18.541888 
16.313497 
21.616445 
24.134139 
42.811318 
20.629165 
13.387895 
13.430983 
20.082338 
31.510347 
24.988287 
24.162012 
22.448984 
17.668480 
21.692120 
15.911756 
15.920744 
14.246018 
31.456003 
20.646985 
34.998648 
54.886920 
37.557480 
38.211355 
33.561925 
16.251379 
30.549038 
15.025194 
15.565951 
37.337741 
24.344549 
1975.936090 
788.284537 
18.359168 
21.616445 
27.828396 
80.777412 
26.202203 
29.683740 
18.541888 
16.313497 
21.616445 
24.134139 
42.811318 
20.629165 
13.387895 
13.430983 
20.082338 
31.510347 
24.988287 
24.162012 
22.448984 
17.668480 
21.692120 
15.911756 
15.920744 
14.246018 
31.456003 
20.646985 
34.998648 
54.886920 
37.557480 
38.211355 
33.561925 
16.251379 
30.549038 
15.025194 
15.565951 
37.337741 
24.344549 
1975.936090 
788.284537 
18.359168 
21.616445 
27.828396 
80.777412 
26.202203 
29.683740 
18.541888 
16.313497 
21.616445 
24.134139 
42.811318 
20.629165 
13.387895 
13.430983 
20.082338 
31.510347 
24.988287 
24.162012 
22.448984 
17.668480 
21.692120 
15.911756 
15.920744 
14.246018 
31.456003 
20.646985 
34.998648 
54.886920 
37.557480 
38.211355 
33.561925 
16.251379 
30.549038 
15.025194 
15.565951 
37.337741 
24.344549 
