1930.980676 
799.204380 
16.225303 
15.473058 
29.605462 
92.834337 
13.040149 
21.787094 
17.711967 
25.508825 
15.473058 
23.366559 
25.649817 
20.227893 
19.011228 
13.000806 
20.587456 
16.648853 
17.702000 
14.499234 
28.917738 
12.712434 
14.441915 
33.062318 
43.441757 
19.816837 
23.971061 
56.881394 
34.198782 
48.770780 
52.209630 
27.465983 
39.937164 
14.012403 
25.175460 
21.628019 
18.415387 
26.612246 
12.816561 
1930.980676 
799.204380 
16.225303 
15.473058 
29.605462 
92.834337 
13.040149 
21.787094 
17.711967 
25.508825 
15.473058 
23.366559 
25.649817 
20.227893 
19.011228 
13.000806 
20.587456 
16.648853 
17.702000 
14.499234 
28.917738 
12.712434 
14.441915 
33.062318 
43.441757 
19.816837 
23.971061 
56.881394 
34.198782 
48.770780 
52.209630 
27.465983 
39.937164 
14.012403 
25.175460 
21.628019 
18.415387 
26.612246 
12.816561 
1930.980676 
799.204380 
16.225303 
15.473058 
29.605462 
92.834337 
13.040149 
21.787094 
17.711967 
25.508825 
15.473058 
23.366559 
25.649817 
20.227893 
19.011228 
13.000806 
20.587456 
16.648853 
17.702000 
14.499234 
28.917738 
12.712434 
14.441915 
33.062318 
43.441757 
19.816837 
23.971061 
56.881394 
34.198782 
48.770780 
52.209630 
27.465983 
39.937164 
14.012403 
25.175460 
21.628019 
18.415387 
26.612246 
12.816561 
1930.980676 
799.204380 
16.225303 
15.473058 
29.605462 
92.834337 
13.040149 
21.787094 
17.711967 
25.508825 
15.473058 
23.366559 
25.649817 
20.227893 
19.011228 
13.000806 
20.587456 
16.648853 
17.702000 
14.499234 
28.917738 
12.712434 
14.441915 
33.062318 
43.441757 
19.816837 
23.971061 
56.881394 
34.198782 
48.770780 
52.209630 
27.465983 
39.937164 
14.012403 
25.175460 
21.628019 
18.415387 
26.612246 
12.816561 
1930.980676 
799.204380 
16.225303 
15.473058 
29.605462 
92.834337 
13.040149 
21.787094 
17.711967 
25.508825 
15.473058 
23.366559 
25.649817 
20.227893 
19.011228 
13.000806 
20.587456 
16.648853 
17.702000 
14.499234 
28.917738 
12.712434 
14.441915 
33.062318 
43.441757 
19.816837 
23.971061 
56.881394 
34.198782 
48.770780 
52.209630 
27.465983 
39.937164 
14.012403 
25.175460 
21.628019 
18.415387 
26.612246 
12.816561 
