2032.648386 
801.308267 
19.406615 
23.891715 
27.307362 
80.028253 
22.697546 
26.551469 
31.563401 
11.862649 
23.891715 
19.612067 
41.793225 
24.310840 
18.596973 
22.814389 
38.236370 
36.268464 
22.014340 
11.396613 
18.934796 
11.044348 
12.455482 
14.140936 
19.095933 
12.436060 
15.732944 
24.980951 
14.184064 
27.396482 
28.313217 
13.625069 
13.237559 
18.152279 
13.764088 
14.515656 
15.094605 
16.460496 
13.260774 
2032.648386 
801.308267 
19.406615 
23.891715 
27.307362 
80.028253 
22.697546 
26.551469 
31.563401 
11.862649 
23.891715 
19.612067 
41.793225 
24.310840 
18.596973 
22.814389 
38.236370 
36.268464 
22.014340 
11.396613 
18.934796 
11.044348 
12.455482 
14.140936 
19.095933 
12.436060 
15.732944 
24.980951 
14.184064 
27.396482 
28.313217 
13.625069 
13.237559 
18.152279 
13.764088 
14.515656 
15.094605 
16.460496 
13.260774 
2032.648386 
801.308267 
19.406615 
23.891715 
27.307362 
80.028253 
22.697546 
26.551469 
31.563401 
11.862649 
23.891715 
19.612067 
41.793225 
24.310840 
18.596973 
22.814389 
38.236370 
36.268464 
22.014340 
11.396613 
18.934796 
11.044348 
12.455482 
14.140936 
19.095933 
12.436060 
15.732944 
24.980951 
14.184064 
27.396482 
28.313217 
13.625069 
13.237559 
18.152279 
13.764088 
14.515656 
15.094605 
16.460496 
13.260774 
2032.648386 
801.308267 
19.406615 
23.891715 
27.307362 
80.028253 
22.697546 
26.551469 
31.563401 
11.862649 
23.891715 
19.612067 
41.793225 
24.310840 
18.596973 
22.814389 
38.236370 
36.268464 
22.014340 
11.396613 
18.934796 
11.044348 
12.455482 
14.140936 
19.095933 
12.436060 
15.732944 
24.980951 
14.184064 
27.396482 
28.313217 
13.625069 
13.237559 
18.152279 
13.764088 
14.515656 
15.094605 
16.460496 
13.260774 
2032.648386 
801.308267 
19.406615 
23.891715 
27.307362 
80.028253 
22.697546 
26.551469 
31.563401 
11.862649 
23.891715 
19.612067 
41.793225 
24.310840 
18.596973 
22.814389 
38.236370 
36.268464 
22.014340 
11.396613 
18.934796 
11.044348 
12.455482 
14.140936 
19.095933 
12.436060 
15.732944 
24.980951 
14.184064 
27.396482 
28.313217 
13.625069 
13.237559 
18.152279 
13.764088 
14.515656 
15.094605 
16.460496 
13.260774 
