1937.960442 
779.063593 
15.601485 
14.267603 
28.953057 
94.734225 
14.306022 
21.445329 
12.330341 
11.424805 
14.267603 
16.028546 
25.328076 
17.035272 
13.975016 
11.168267 
19.502031 
13.787578 
14.812375 
17.005055 
27.630729 
17.438984 
12.026785 
17.503834 
16.960264 
25.686029 
24.149471 
39.462628 
37.987093 
40.395553 
47.836314 
30.324035 
46.983228 
14.789147 
59.108676 
23.176452 
23.306171 
24.491223 
23.568583 
1937.960442 
779.063593 
15.601485 
14.267603 
28.953057 
94.734225 
14.306022 
21.445329 
12.330341 
11.424805 
14.267603 
16.028546 
25.328076 
17.035272 
13.975016 
11.168267 
19.502031 
13.787578 
14.812375 
17.005055 
27.630729 
17.438984 
12.026785 
17.503834 
16.960264 
25.686029 
24.149471 
39.462628 
37.987093 
40.395553 
47.836314 
30.324035 
46.983228 
14.789147 
59.108676 
23.176452 
23.306171 
24.491223 
23.568583 
1937.960442 
779.063593 
15.601485 
14.267603 
28.953057 
94.734225 
14.306022 
21.445329 
12.330341 
11.424805 
14.267603 
16.028546 
25.328076 
17.035272 
13.975016 
11.168267 
19.502031 
13.787578 
14.812375 
17.005055 
27.630729 
17.438984 
12.026785 
17.503834 
16.960264 
25.686029 
24.149471 
39.462628 
37.987093 
40.395553 
47.836314 
30.324035 
46.983228 
14.789147 
59.108676 
23.176452 
23.306171 
24.491223 
23.568583 
1937.960442 
779.063593 
15.601485 
14.267603 
28.953057 
94.734225 
14.306022 
21.445329 
12.330341 
11.424805 
14.267603 
16.028546 
25.328076 
17.035272 
13.975016 
11.168267 
19.502031 
13.787578 
14.812375 
17.005055 
27.630729 
17.438984 
12.026785 
17.503834 
16.960264 
25.686029 
24.149471 
39.462628 
37.987093 
40.395553 
47.836314 
30.324035 
46.983228 
14.789147 
59.108676 
23.176452 
23.306171 
24.491223 
23.568583 
1937.960442 
779.063593 
15.601485 
14.267603 
28.953057 
94.734225 
14.306022 
21.445329 
12.330341 
11.424805 
14.267603 
16.028546 
25.328076 
17.035272 
13.975016 
11.168267 
19.502031 
13.787578 
14.812375 
17.005055 
27.630729 
17.438984 
12.026785 
17.503834 
16.960264 
25.686029 
24.149471 
39.462628 
37.987093 
40.395553 
47.836314 
30.324035 
46.983228 
14.789147 
59.108676 
23.176452 
23.306171 
24.491223 
23.568583 
