1965.304888 
789.886348 
14.786218 
11.674814 
29.042197 
96.040179 
18.828999 
23.193900 
19.715972 
15.417587 
11.674814 
21.631617 
38.797826 
13.921442 
12.384122 
12.832651 
22.050358 
18.617565 
17.422016 
17.492115 
18.527705 
21.570469 
19.713976 
21.617089 
31.617355 
21.543526 
24.123498 
38.170760 
18.661543 
46.931183 
40.890632 
34.407083 
34.940169 
14.245732 
45.743818 
22.170786 
15.883696 
21.390572 
21.084368 
1843.172443 
769.396006 
17.024585 
9.743638 
30.563009 
85.927399 
28.880599 
26.470538 
21.345265 
26.444460 
9.743638 
20.654813 
28.439547 
20.028351 
14.263841 
7.458990 
25.583345 
19.014967 
21.606330 
16.153892 
22.282838 
19.449531 
17.499151 
20.156788 
36.355609 
32.494472 
18.308785 
48.697458 
30.309354 
34.238513 
43.304021 
25.089654 
17.368175 
15.401693 
54.444808 
35.900098 
24.579829 
10.589020 
18.697449 
1843.172443 
769.396006 
17.024585 
9.743638 
30.563009 
85.927399 
28.880599 
26.470538 
21.345265 
26.444460 
9.743638 
20.654813 
28.439547 
20.028351 
14.263841 
7.458990 
25.583345 
19.014967 
21.606330 
16.153892 
22.282838 
19.449531 
17.499151 
20.156788 
36.355609 
32.494472 
18.308785 
48.697458 
30.309354 
34.238513 
43.304021 
25.089654 
17.368175 
15.401693 
54.444808 
35.900098 
24.579829 
10.589020 
18.697449 
1843.172443 
769.396006 
17.024585 
9.743638 
30.563009 
85.927399 
28.880599 
26.470538 
21.345265 
26.444460 
9.743638 
20.654813 
28.439547 
20.028351 
14.263841 
7.458990 
25.583345 
19.014967 
21.606330 
16.153892 
22.282838 
19.449531 
17.499151 
20.156788 
36.355609 
32.494472 
18.308785 
48.697458 
30.309354 
34.238513 
43.304021 
25.089654 
17.368175 
15.401693 
54.444808 
35.900098 
24.579829 
10.589020 
18.697449 
1843.172443 
769.396006 
17.024585 
9.743638 
30.563009 
85.927399 
28.880599 
26.470538 
21.345265 
26.444460 
9.743638 
20.654813 
28.439547 
20.028351 
14.263841 
7.458990 
25.583345 
19.014967 
21.606330 
16.153892 
22.282838 
19.449531 
17.499151 
20.156788 
36.355609 
32.494472 
18.308785 
48.697458 
30.309354 
34.238513 
43.304021 
25.089654 
17.368175 
15.401693 
54.444808 
35.900098 
24.579829 
10.589020 
18.697449 
