1965.304888 
789.886348 
14.786218 
11.674814 
29.042197 
96.040179 
18.828999 
23.193900 
19.715972 
15.417587 
11.674814 
21.631617 
38.797826 
13.921442 
12.384122 
12.832651 
22.050358 
18.617565 
17.422016 
17.492115 
18.527705 
21.570469 
19.713976 
21.617089 
31.617355 
21.543526 
24.123498 
38.170760 
18.661543 
46.931183 
40.890632 
34.407083 
34.940169 
14.245732 
45.743818 
22.170786 
15.883696 
21.390572 
21.084368 
1965.304888 
789.886348 
14.786218 
11.674814 
29.042197 
96.040179 
18.828999 
23.193900 
19.715972 
15.417587 
11.674814 
21.631617 
38.797826 
13.921442 
12.384122 
12.832651 
22.050358 
18.617565 
17.422016 
17.492115 
18.527705 
21.570469 
19.713976 
21.617089 
31.617355 
21.543526 
24.123498 
38.170760 
18.661543 
46.931183 
40.890632 
34.407083 
34.940169 
14.245732 
45.743818 
22.170786 
15.883696 
21.390572 
21.084368 
1965.304888 
789.886348 
14.786218 
11.674814 
29.042197 
96.040179 
18.828999 
23.193900 
19.715972 
15.417587 
11.674814 
21.631617 
38.797826 
13.921442 
12.384122 
12.832651 
22.050358 
18.617565 
17.422016 
17.492115 
18.527705 
21.570469 
19.713976 
21.617089 
31.617355 
21.543526 
24.123498 
38.170760 
18.661543 
46.931183 
40.890632 
34.407083 
34.940169 
14.245732 
45.743818 
22.170786 
15.883696 
21.390572 
21.084368 
1965.304888 
789.886348 
14.786218 
11.674814 
29.042197 
96.040179 
18.828999 
23.193900 
19.715972 
15.417587 
11.674814 
21.631617 
38.797826 
13.921442 
12.384122 
12.832651 
22.050358 
18.617565 
17.422016 
17.492115 
18.527705 
21.570469 
19.713976 
21.617089 
31.617355 
21.543526 
24.123498 
38.170760 
18.661543 
46.931183 
40.890632 
34.407083 
34.940169 
14.245732 
45.743818 
22.170786 
15.883696 
21.390572 
21.084368 
1965.304888 
789.886348 
14.786218 
11.674814 
29.042197 
96.040179 
18.828999 
23.193900 
19.715972 
15.417587 
11.674814 
21.631617 
38.797826 
13.921442 
12.384122 
12.832651 
22.050358 
18.617565 
17.422016 
17.492115 
18.527705 
21.570469 
19.713976 
21.617089 
31.617355 
21.543526 
24.123498 
38.170760 
18.661543 
46.931183 
40.890632 
34.407083 
34.940169 
14.245732 
45.743818 
22.170786 
15.883696 
21.390572 
21.084368 
