1984.858775 
791.112920 
14.617644 
16.518517 
29.490864 
96.759522 
19.323731 
21.505048 
17.711165 
22.597478 
16.518517 
16.304396 
40.759656 
18.568325 
18.466176 
13.556414 
34.049448 
27.593572 
18.721282 
22.251163 
20.831523 
11.638122 
17.798135 
14.484622 
20.449207 
19.521877 
20.070165 
41.799461 
22.687600 
31.487455 
31.009904 
22.844747 
26.628893 
14.365757 
18.871795 
17.300674 
16.322388 
21.222279 
17.761902 
1984.858775 
791.112920 
14.617644 
16.518517 
29.490864 
96.759522 
19.323731 
21.505048 
17.711165 
22.597478 
16.518517 
16.304396 
40.759656 
18.568325 
18.466176 
13.556414 
34.049448 
27.593572 
18.721282 
22.251163 
20.831523 
11.638122 
17.798135 
14.484622 
20.449207 
19.521877 
20.070165 
41.799461 
22.687600 
31.487455 
31.009904 
22.844747 
26.628893 
14.365757 
18.871795 
17.300674 
16.322388 
21.222279 
17.761902 
1984.858775 
791.112920 
14.617644 
16.518517 
29.490864 
96.759522 
19.323731 
21.505048 
17.711165 
22.597478 
16.518517 
16.304396 
40.759656 
18.568325 
18.466176 
13.556414 
34.049448 
27.593572 
18.721282 
22.251163 
20.831523 
11.638122 
17.798135 
14.484622 
20.449207 
19.521877 
20.070165 
41.799461 
22.687600 
31.487455 
31.009904 
22.844747 
26.628893 
14.365757 
18.871795 
17.300674 
16.322388 
21.222279 
17.761902 
1984.858775 
791.112920 
14.617644 
16.518517 
29.490864 
96.759522 
19.323731 
21.505048 
17.711165 
22.597478 
16.518517 
16.304396 
40.759656 
18.568325 
18.466176 
13.556414 
34.049448 
27.593572 
18.721282 
22.251163 
20.831523 
11.638122 
17.798135 
14.484622 
20.449207 
19.521877 
20.070165 
41.799461 
22.687600 
31.487455 
31.009904 
22.844747 
26.628893 
14.365757 
18.871795 
17.300674 
16.322388 
21.222279 
17.761902 
1984.858775 
791.112920 
14.617644 
16.518517 
29.490864 
96.759522 
19.323731 
21.505048 
17.711165 
22.597478 
16.518517 
16.304396 
40.759656 
18.568325 
18.466176 
13.556414 
34.049448 
27.593572 
18.721282 
22.251163 
20.831523 
11.638122 
17.798135 
14.484622 
20.449207 
19.521877 
20.070165 
41.799461 
22.687600 
31.487455 
31.009904 
22.844747 
26.628893 
14.365757 
18.871795 
17.300674 
16.322388 
21.222279 
17.761902 
