2014.658075 
780.164334 
19.927071 
16.939085 
29.222470 
81.863757 
30.989459 
19.377621 
25.431845 
21.730823 
16.939085 
15.700605 
47.017103 
24.461461 
24.304572 
19.438628 
32.198101 
29.064104 
28.818709 
22.256231 
22.249063 
19.294253 
18.493678 
15.472695 
20.673519 
13.541224 
15.824370 
28.600324 
14.906706 
13.573017 
27.184695 
13.905612 
9.654263 
17.343299 
17.371830 
17.378982 
17.584883 
16.107499 
10.177869 
2014.658075 
780.164334 
19.927071 
16.939085 
29.222470 
81.863757 
30.989459 
19.377621 
25.431845 
21.730823 
16.939085 
15.700605 
47.017103 
24.461461 
24.304572 
19.438628 
32.198101 
29.064104 
28.818709 
22.256231 
22.249063 
19.294253 
18.493678 
15.472695 
20.673519 
13.541224 
15.824370 
28.600324 
14.906706 
13.573017 
27.184695 
13.905612 
9.654263 
17.343299 
17.371830 
17.378982 
17.584883 
16.107499 
10.177869 
2014.658075 
780.164334 
19.927071 
16.939085 
29.222470 
81.863757 
30.989459 
19.377621 
25.431845 
21.730823 
16.939085 
15.700605 
47.017103 
24.461461 
24.304572 
19.438628 
32.198101 
29.064104 
28.818709 
22.256231 
22.249063 
19.294253 
18.493678 
15.472695 
20.673519 
13.541224 
15.824370 
28.600324 
14.906706 
13.573017 
27.184695 
13.905612 
9.654263 
17.343299 
17.371830 
17.378982 
17.584883 
16.107499 
10.177869 
2014.658075 
780.164334 
19.927071 
16.939085 
29.222470 
81.863757 
30.989459 
19.377621 
25.431845 
21.730823 
16.939085 
15.700605 
47.017103 
24.461461 
24.304572 
19.438628 
32.198101 
29.064104 
28.818709 
22.256231 
22.249063 
19.294253 
18.493678 
15.472695 
20.673519 
13.541224 
15.824370 
28.600324 
14.906706 
13.573017 
27.184695 
13.905612 
9.654263 
17.343299 
17.371830 
17.378982 
17.584883 
16.107499 
10.177869 
2014.658075 
780.164334 
19.927071 
16.939085 
29.222470 
81.863757 
30.989459 
19.377621 
25.431845 
21.730823 
16.939085 
15.700605 
47.017103 
24.461461 
24.304572 
19.438628 
32.198101 
29.064104 
28.818709 
22.256231 
22.249063 
19.294253 
18.493678 
15.472695 
20.673519 
13.541224 
15.824370 
28.600324 
14.906706 
13.573017 
27.184695 
13.905612 
9.654263 
17.343299 
17.371830 
17.378982 
17.584883 
16.107499 
10.177869 
