2041.090198 
818.836301 
14.764749 
12.169339 
30.099228 
107.914574 
15.080599 
23.221925 
9.734041 
22.883777 
12.169339 
20.091368 
37.583355 
11.558623 
13.258505 
13.907827 
29.762951 
18.111022 
16.369564 
17.938586 
20.208422 
14.283772 
17.359040 
23.950014 
23.233712 
32.729506 
20.040946 
34.727600 
29.562772 
29.538280 
47.028381 
27.893876 
41.879057 
14.584501 
22.312109 
11.582383 
14.638557 
24.223000 
27.315893 
2041.090198 
818.836301 
14.764749 
12.169339 
30.099228 
107.914574 
15.080599 
23.221925 
9.734041 
22.883777 
12.169339 
20.091368 
37.583355 
11.558623 
13.258505 
13.907827 
29.762951 
18.111022 
16.369564 
17.938586 
20.208422 
14.283772 
17.359040 
23.950014 
23.233712 
32.729506 
20.040946 
34.727600 
29.562772 
29.538280 
47.028381 
27.893876 
41.879057 
14.584501 
22.312109 
11.582383 
14.638557 
24.223000 
27.315893 
2041.090198 
818.836301 
14.764749 
12.169339 
30.099228 
107.914574 
15.080599 
23.221925 
9.734041 
22.883777 
12.169339 
20.091368 
37.583355 
11.558623 
13.258505 
13.907827 
29.762951 
18.111022 
16.369564 
17.938586 
20.208422 
14.283772 
17.359040 
23.950014 
23.233712 
32.729506 
20.040946 
34.727600 
29.562772 
29.538280 
47.028381 
27.893876 
41.879057 
14.584501 
22.312109 
11.582383 
14.638557 
24.223000 
27.315893 
2041.090198 
818.836301 
14.764749 
12.169339 
30.099228 
107.914574 
15.080599 
23.221925 
9.734041 
22.883777 
12.169339 
20.091368 
37.583355 
11.558623 
13.258505 
13.907827 
29.762951 
18.111022 
16.369564 
17.938586 
20.208422 
14.283772 
17.359040 
23.950014 
23.233712 
32.729506 
20.040946 
34.727600 
29.562772 
29.538280 
47.028381 
27.893876 
41.879057 
14.584501 
22.312109 
11.582383 
14.638557 
24.223000 
27.315893 
2041.090198 
818.836301 
14.764749 
12.169339 
30.099228 
107.914574 
15.080599 
23.221925 
9.734041 
22.883777 
12.169339 
20.091368 
37.583355 
11.558623 
13.258505 
13.907827 
29.762951 
18.111022 
16.369564 
17.938586 
20.208422 
14.283772 
17.359040 
23.950014 
23.233712 
32.729506 
20.040946 
34.727600 
29.562772 
29.538280 
47.028381 
27.893876 
41.879057 
14.584501 
22.312109 
11.582383 
14.638557 
24.223000 
27.315893 
