2076.558019 
826.234257 
12.424879 
12.386936 
25.758116 
94.530943 
20.186102 
11.375917 
16.078075 
18.166714 
12.386936 
7.786144 
22.730946 
14.203244 
14.169959 
9.544210 
20.823650 
15.063394 
17.590428 
9.868651 
26.202137 
16.124655 
16.963352 
18.075087 
10.812771 
17.790268 
21.665862 
24.238049 
18.410239 
34.221415 
31.045806 
28.430216 
32.382008 
11.694492 
24.904129 
15.679482 
12.344800 
20.720267 
25.039245 
2076.558019 
826.234257 
12.424879 
12.386936 
25.758116 
94.530943 
20.186102 
11.375917 
16.078075 
18.166714 
12.386936 
7.786144 
22.730946 
14.203244 
14.169959 
9.544210 
20.823650 
15.063394 
17.590428 
9.868651 
26.202137 
16.124655 
16.963352 
18.075087 
10.812771 
17.790268 
21.665862 
24.238049 
18.410239 
34.221415 
31.045806 
28.430216 
32.382008 
11.694492 
24.904129 
15.679482 
12.344800 
20.720267 
25.039245 
2076.558019 
826.234257 
12.424879 
12.386936 
25.758116 
94.530943 
20.186102 
11.375917 
16.078075 
18.166714 
12.386936 
7.786144 
22.730946 
14.203244 
14.169959 
9.544210 
20.823650 
15.063394 
17.590428 
9.868651 
26.202137 
16.124655 
16.963352 
18.075087 
10.812771 
17.790268 
21.665862 
24.238049 
18.410239 
34.221415 
31.045806 
28.430216 
32.382008 
11.694492 
24.904129 
15.679482 
12.344800 
20.720267 
25.039245 
2076.558019 
826.234257 
12.424879 
12.386936 
25.758116 
94.530943 
20.186102 
11.375917 
16.078075 
18.166714 
12.386936 
7.786144 
22.730946 
14.203244 
14.169959 
9.544210 
20.823650 
15.063394 
17.590428 
9.868651 
26.202137 
16.124655 
16.963352 
18.075087 
10.812771 
17.790268 
21.665862 
24.238049 
18.410239 
34.221415 
31.045806 
28.430216 
32.382008 
11.694492 
24.904129 
15.679482 
12.344800 
20.720267 
25.039245 
2076.558019 
826.234257 
12.424879 
12.386936 
25.758116 
94.530943 
20.186102 
11.375917 
16.078075 
18.166714 
12.386936 
7.786144 
22.730946 
14.203244 
14.169959 
9.544210 
20.823650 
15.063394 
17.590428 
9.868651 
26.202137 
16.124655 
16.963352 
18.075087 
10.812771 
17.790268 
21.665862 
24.238049 
18.410239 
34.221415 
31.045806 
28.430216 
32.382008 
11.694492 
24.904129 
15.679482 
12.344800 
20.720267 
25.039245 
