2008.509552 
789.161792 
19.117024 
26.690189 
27.779255 
115.132402 
31.507989 
33.205329 
17.374966 
28.454029 
26.690189 
15.054305 
53.224484 
21.087215 
26.940828 
13.074172 
44.864296 
37.102425 
13.242503 
16.247546 
14.763133 
12.753269 
14.300243 
15.067034 
18.399386 
32.142088 
21.333360 
37.865452 
23.781302 
43.927741 
41.922497 
28.919675 
42.083843 
16.703701 
41.234164 
19.044961 
30.582870 
16.561994 
14.283629 
2008.509552 
789.161792 
19.117024 
26.690189 
27.779255 
115.132402 
31.507989 
33.205329 
17.374966 
28.454029 
26.690189 
15.054305 
53.224484 
21.087215 
26.940828 
13.074172 
44.864296 
37.102425 
13.242503 
16.247546 
14.763133 
12.753269 
14.300243 
15.067034 
18.399386 
32.142088 
21.333360 
37.865452 
23.781302 
43.927741 
41.922497 
28.919675 
42.083843 
16.703701 
41.234164 
19.044961 
30.582870 
16.561994 
14.283629 
2008.509552 
789.161792 
19.117024 
26.690189 
27.779255 
115.132402 
31.507989 
33.205329 
17.374966 
28.454029 
26.690189 
15.054305 
53.224484 
21.087215 
26.940828 
13.074172 
44.864296 
37.102425 
13.242503 
16.247546 
14.763133 
12.753269 
14.300243 
15.067034 
18.399386 
32.142088 
21.333360 
37.865452 
23.781302 
43.927741 
41.922497 
28.919675 
42.083843 
16.703701 
41.234164 
19.044961 
30.582870 
16.561994 
14.283629 
2008.509552 
789.161792 
19.117024 
26.690189 
27.779255 
115.132402 
31.507989 
33.205329 
17.374966 
28.454029 
26.690189 
15.054305 
53.224484 
21.087215 
26.940828 
13.074172 
44.864296 
37.102425 
13.242503 
16.247546 
14.763133 
12.753269 
14.300243 
15.067034 
18.399386 
32.142088 
21.333360 
37.865452 
23.781302 
43.927741 
41.922497 
28.919675 
42.083843 
16.703701 
41.234164 
19.044961 
30.582870 
16.561994 
14.283629 
2008.509552 
789.161792 
19.117024 
26.690189 
27.779255 
115.132402 
31.507989 
33.205329 
17.374966 
28.454029 
26.690189 
15.054305 
53.224484 
21.087215 
26.940828 
13.074172 
44.864296 
37.102425 
13.242503 
16.247546 
14.763133 
12.753269 
14.300243 
15.067034 
18.399386 
32.142088 
21.333360 
37.865452 
23.781302 
43.927741 
41.922497 
28.919675 
42.083843 
16.703701 
41.234164 
19.044961 
30.582870 
16.561994 
14.283629 
