2065.727326 
813.312408 
15.552972 
11.176011 
19.070627 
129.606633 
36.966842 
24.122817 
31.587652 
10.846386 
11.176011 
11.808403 
26.667616 
16.388570 
9.478249 
20.868793 
26.958303 
15.958580 
14.763001 
14.310278 
11.790626 
11.947033 
19.678296 
16.673123 
11.281935 
44.675136 
43.973226 
10.057675 
29.760704 
54.625653 
21.683833 
34.708490 
34.442031 
14.733234 
25.590791 
13.515175 
11.834697 
23.429579 
23.334871 
2065.727326 
813.312408 
15.552972 
11.176011 
19.070627 
129.606633 
36.966842 
24.122817 
31.587652 
10.846386 
11.176011 
11.808403 
26.667616 
16.388570 
9.478249 
20.868793 
26.958303 
15.958580 
14.763001 
14.310278 
11.790626 
11.947033 
19.678296 
16.673123 
11.281935 
44.675136 
43.973226 
10.057675 
29.760704 
54.625653 
21.683833 
34.708490 
34.442031 
14.733234 
25.590791 
13.515175 
11.834697 
23.429579 
23.334871 
2065.727326 
813.312408 
15.552972 
11.176011 
19.070627 
129.606633 
36.966842 
24.122817 
31.587652 
10.846386 
11.176011 
11.808403 
26.667616 
16.388570 
9.478249 
20.868793 
26.958303 
15.958580 
14.763001 
14.310278 
11.790626 
11.947033 
19.678296 
16.673123 
11.281935 
44.675136 
43.973226 
10.057675 
29.760704 
54.625653 
21.683833 
34.708490 
34.442031 
14.733234 
25.590791 
13.515175 
11.834697 
23.429579 
23.334871 
2065.727326 
813.312408 
15.552972 
11.176011 
19.070627 
129.606633 
36.966842 
24.122817 
31.587652 
10.846386 
11.176011 
11.808403 
26.667616 
16.388570 
9.478249 
20.868793 
26.958303 
15.958580 
14.763001 
14.310278 
11.790626 
11.947033 
19.678296 
16.673123 
11.281935 
44.675136 
43.973226 
10.057675 
29.760704 
54.625653 
21.683833 
34.708490 
34.442031 
14.733234 
25.590791 
13.515175 
11.834697 
23.429579 
23.334871 
2065.727326 
813.312408 
15.552972 
11.176011 
19.070627 
129.606633 
36.966842 
24.122817 
31.587652 
10.846386 
11.176011 
11.808403 
26.667616 
16.388570 
9.478249 
20.868793 
26.958303 
15.958580 
14.763001 
14.310278 
11.790626 
11.947033 
19.678296 
16.673123 
11.281935 
44.675136 
43.973226 
10.057675 
29.760704 
54.625653 
21.683833 
34.708490 
34.442031 
14.733234 
25.590791 
13.515175 
11.834697 
23.429579 
23.334871 
