2006.652846 
794.517561 
20.188056 
20.381193 
22.182857 
96.439254 
26.249949 
13.057464 
28.720856 
25.371775 
20.381193 
29.845451 
33.635310 
13.729150 
18.719387 
15.356830 
33.740273 
21.623164 
15.011920 
18.081364 
12.311073 
10.807758 
26.401220 
8.803582 
14.557166 
32.246847 
32.324252 
10.745936 
23.401720 
45.156510 
31.525881 
37.627021 
30.689874 
16.005342 
28.354604 
12.353152 
13.253343 
31.876996 
23.679977 
2006.652846 
794.517561 
20.188056 
20.381193 
22.182857 
96.439254 
26.249949 
13.057464 
28.720856 
25.371775 
20.381193 
29.845451 
33.635310 
13.729150 
18.719387 
15.356830 
33.740273 
21.623164 
15.011920 
18.081364 
12.311073 
10.807758 
26.401220 
8.803582 
14.557166 
32.246847 
32.324252 
10.745936 
23.401720 
45.156510 
31.525881 
37.627021 
30.689874 
16.005342 
28.354604 
12.353152 
13.253343 
31.876996 
23.679977 
2006.652846 
794.517561 
20.188056 
20.381193 
22.182857 
96.439254 
26.249949 
13.057464 
28.720856 
25.371775 
20.381193 
29.845451 
33.635310 
13.729150 
18.719387 
15.356830 
33.740273 
21.623164 
15.011920 
18.081364 
12.311073 
10.807758 
26.401220 
8.803582 
14.557166 
32.246847 
32.324252 
10.745936 
23.401720 
45.156510 
31.525881 
37.627021 
30.689874 
16.005342 
28.354604 
12.353152 
13.253343 
31.876996 
23.679977 
2006.652846 
794.517561 
20.188056 
20.381193 
22.182857 
96.439254 
26.249949 
13.057464 
28.720856 
25.371775 
20.381193 
29.845451 
33.635310 
13.729150 
18.719387 
15.356830 
33.740273 
21.623164 
15.011920 
18.081364 
12.311073 
10.807758 
26.401220 
8.803582 
14.557166 
32.246847 
32.324252 
10.745936 
23.401720 
45.156510 
31.525881 
37.627021 
30.689874 
16.005342 
28.354604 
12.353152 
13.253343 
31.876996 
23.679977 
2006.652846 
794.517561 
20.188056 
20.381193 
22.182857 
96.439254 
26.249949 
13.057464 
28.720856 
25.371775 
20.381193 
29.845451 
33.635310 
13.729150 
18.719387 
15.356830 
33.740273 
21.623164 
15.011920 
18.081364 
12.311073 
10.807758 
26.401220 
8.803582 
14.557166 
32.246847 
32.324252 
10.745936 
23.401720 
45.156510 
31.525881 
37.627021 
30.689874 
16.005342 
28.354604 
12.353152 
13.253343 
31.876996 
23.679977 
