2021.122180 
797.359966 
16.412623 
15.741219 
18.502429 
89.353958 
32.764294 
15.015951 
19.240645 
14.333981 
15.741219 
22.596039 
33.484555 
13.985569 
12.540722 
14.955515 
25.063871 
24.061994 
15.816546 
16.933705 
14.211266 
11.699177 
22.971953 
14.294169 
15.254666 
24.073952 
24.359688 
13.468929 
26.175729 
11.109503 
18.048619 
29.326509 
19.878065 
16.424948 
16.372266 
11.125481 
12.906773 
24.635349 
16.197976 
2021.122180 
797.359966 
16.412623 
15.741219 
18.502429 
89.353958 
32.764294 
15.015951 
19.240645 
14.333981 
15.741219 
22.596039 
33.484555 
13.985569 
12.540722 
14.955515 
25.063871 
24.061994 
15.816546 
16.933705 
14.211266 
11.699177 
22.971953 
14.294169 
15.254666 
24.073952 
24.359688 
13.468929 
26.175729 
11.109503 
18.048619 
29.326509 
19.878065 
16.424948 
16.372266 
11.125481 
12.906773 
24.635349 
16.197976 
2021.122180 
797.359966 
16.412623 
15.741219 
18.502429 
89.353958 
32.764294 
15.015951 
19.240645 
14.333981 
15.741219 
22.596039 
33.484555 
13.985569 
12.540722 
14.955515 
25.063871 
24.061994 
15.816546 
16.933705 
14.211266 
11.699177 
22.971953 
14.294169 
15.254666 
24.073952 
24.359688 
13.468929 
26.175729 
11.109503 
18.048619 
29.326509 
19.878065 
16.424948 
16.372266 
11.125481 
12.906773 
24.635349 
16.197976 
2021.122180 
797.359966 
16.412623 
15.741219 
18.502429 
89.353958 
32.764294 
15.015951 
19.240645 
14.333981 
15.741219 
22.596039 
33.484555 
13.985569 
12.540722 
14.955515 
25.063871 
24.061994 
15.816546 
16.933705 
14.211266 
11.699177 
22.971953 
14.294169 
15.254666 
24.073952 
24.359688 
13.468929 
26.175729 
11.109503 
18.048619 
29.326509 
19.878065 
16.424948 
16.372266 
11.125481 
12.906773 
24.635349 
16.197976 
2021.122180 
797.359966 
16.412623 
15.741219 
18.502429 
89.353958 
32.764294 
15.015951 
19.240645 
14.333981 
15.741219 
22.596039 
33.484555 
13.985569 
12.540722 
14.955515 
25.063871 
24.061994 
15.816546 
16.933705 
14.211266 
11.699177 
22.971953 
14.294169 
15.254666 
24.073952 
24.359688 
13.468929 
26.175729 
11.109503 
18.048619 
29.326509 
19.878065 
16.424948 
16.372266 
11.125481 
12.906773 
24.635349 
16.197976 
