1974.631275 
791.503844 
22.127939 
23.380104 
23.666621 
99.947571 
30.350230 
18.679477 
33.470335 
22.511522 
23.380104 
17.715765 
71.582682 
14.410508 
22.610959 
15.019449 
37.295427 
44.007247 
27.540840 
18.546544 
13.025216 
17.979373 
13.751085 
19.931816 
15.499854 
25.203015 
25.008456 
15.179847 
34.569739 
17.321743 
23.301274 
30.931175 
21.602706 
20.334550 
26.658528 
16.836453 
14.720662 
24.087587 
23.822714 
1974.631275 
791.503844 
22.127939 
23.380104 
23.666621 
99.947571 
30.350230 
18.679477 
33.470335 
22.511522 
23.380104 
17.715765 
71.582682 
14.410508 
22.610959 
15.019449 
37.295427 
44.007247 
27.540840 
18.546544 
13.025216 
17.979373 
13.751085 
19.931816 
15.499854 
25.203015 
25.008456 
15.179847 
34.569739 
17.321743 
23.301274 
30.931175 
21.602706 
20.334550 
26.658528 
16.836453 
14.720662 
24.087587 
23.822714 
1974.631275 
791.503844 
22.127939 
23.380104 
23.666621 
99.947571 
30.350230 
18.679477 
33.470335 
22.511522 
23.380104 
17.715765 
71.582682 
14.410508 
22.610959 
15.019449 
37.295427 
44.007247 
27.540840 
18.546544 
13.025216 
17.979373 
13.751085 
19.931816 
15.499854 
25.203015 
25.008456 
15.179847 
34.569739 
17.321743 
23.301274 
30.931175 
21.602706 
20.334550 
26.658528 
16.836453 
14.720662 
24.087587 
23.822714 
1974.631275 
791.503844 
22.127939 
23.380104 
23.666621 
99.947571 
30.350230 
18.679477 
33.470335 
22.511522 
23.380104 
17.715765 
71.582682 
14.410508 
22.610959 
15.019449 
37.295427 
44.007247 
27.540840 
18.546544 
13.025216 
17.979373 
13.751085 
19.931816 
15.499854 
25.203015 
25.008456 
15.179847 
34.569739 
17.321743 
23.301274 
30.931175 
21.602706 
20.334550 
26.658528 
16.836453 
14.720662 
24.087587 
23.822714 
1974.631275 
791.503844 
22.127939 
23.380104 
23.666621 
99.947571 
30.350230 
18.679477 
33.470335 
22.511522 
23.380104 
17.715765 
71.582682 
14.410508 
22.610959 
15.019449 
37.295427 
44.007247 
27.540840 
18.546544 
13.025216 
17.979373 
13.751085 
19.931816 
15.499854 
25.203015 
25.008456 
15.179847 
34.569739 
17.321743 
23.301274 
30.931175 
21.602706 
20.334550 
26.658528 
16.836453 
14.720662 
24.087587 
23.822714 
