2109.421694 
834.565760 
14.146726 
16.920248 
17.638739 
104.848197 
21.443340 
15.855027 
13.781302 
15.309077 
16.920248 
17.047179 
26.892886 
15.840838 
16.092892 
10.630671 
21.088584 
20.579002 
19.928195 
13.916173 
9.831733 
9.473508 
27.460746 
21.245628 
15.115772 
15.722767 
35.061204 
9.026179 
8.484789 
12.598846 
12.538043 
40.472774 
21.456978 
13.333300 
25.253305 
15.613091 
13.662081 
15.625760 
24.266416 
2109.421694 
834.565760 
14.146726 
16.920248 
17.638739 
104.848197 
21.443340 
15.855027 
13.781302 
15.309077 
16.920248 
17.047179 
26.892886 
15.840838 
16.092892 
10.630671 
21.088584 
20.579002 
19.928195 
13.916173 
9.831733 
9.473508 
27.460746 
21.245628 
15.115772 
15.722767 
35.061204 
9.026179 
8.484789 
12.598846 
12.538043 
40.472774 
21.456978 
13.333300 
25.253305 
15.613091 
13.662081 
15.625760 
24.266416 
2109.421694 
834.565760 
14.146726 
16.920248 
17.638739 
104.848197 
21.443340 
15.855027 
13.781302 
15.309077 
16.920248 
17.047179 
26.892886 
15.840838 
16.092892 
10.630671 
21.088584 
20.579002 
19.928195 
13.916173 
9.831733 
9.473508 
27.460746 
21.245628 
15.115772 
15.722767 
35.061204 
9.026179 
8.484789 
12.598846 
12.538043 
40.472774 
21.456978 
13.333300 
25.253305 
15.613091 
13.662081 
15.625760 
24.266416 
2109.421694 
834.565760 
14.146726 
16.920248 
17.638739 
104.848197 
21.443340 
15.855027 
13.781302 
15.309077 
16.920248 
17.047179 
26.892886 
15.840838 
16.092892 
10.630671 
21.088584 
20.579002 
19.928195 
13.916173 
9.831733 
9.473508 
27.460746 
21.245628 
15.115772 
15.722767 
35.061204 
9.026179 
8.484789 
12.598846 
12.538043 
40.472774 
21.456978 
13.333300 
25.253305 
15.613091 
13.662081 
15.625760 
24.266416 
2109.421694 
834.565760 
14.146726 
16.920248 
17.638739 
104.848197 
21.443340 
15.855027 
13.781302 
15.309077 
16.920248 
17.047179 
26.892886 
15.840838 
16.092892 
10.630671 
21.088584 
20.579002 
19.928195 
13.916173 
9.831733 
9.473508 
27.460746 
21.245628 
15.115772 
15.722767 
35.061204 
9.026179 
8.484789 
12.598846 
12.538043 
40.472774 
21.456978 
13.333300 
25.253305 
15.613091 
13.662081 
15.625760 
24.266416 
