2166.922217 
832.212103 
11.615820 
17.015133 
14.023043 
86.135605 
23.642436 
13.628320 
21.527984 
7.210225 
17.015133 
8.721861 
38.534776 
7.256323 
10.296030 
9.588053 
21.418575 
25.724198 
17.603781 
11.186022 
11.804925 
9.419539 
25.594504 
16.959626 
8.076899 
27.884152 
28.785139 
6.835332 
12.206809 
11.717155 
9.438272 
29.531812 
6.213501 
10.028576 
9.022598 
7.717152 
8.571042 
11.583201 
11.295898 
2166.922217 
832.212103 
11.615820 
17.015133 
14.023043 
86.135605 
23.642436 
13.628320 
21.527984 
7.210225 
17.015133 
8.721861 
38.534776 
7.256323 
10.296030 
9.588053 
21.418575 
25.724198 
17.603781 
11.186022 
11.804925 
9.419539 
25.594504 
16.959626 
8.076899 
27.884152 
28.785139 
6.835332 
12.206809 
11.717155 
9.438272 
29.531812 
6.213501 
10.028576 
9.022598 
7.717152 
8.571042 
11.583201 
11.295898 
2166.922217 
832.212103 
11.615820 
17.015133 
14.023043 
86.135605 
23.642436 
13.628320 
21.527984 
7.210225 
17.015133 
8.721861 
38.534776 
7.256323 
10.296030 
9.588053 
21.418575 
25.724198 
17.603781 
11.186022 
11.804925 
9.419539 
25.594504 
16.959626 
8.076899 
27.884152 
28.785139 
6.835332 
12.206809 
11.717155 
9.438272 
29.531812 
6.213501 
10.028576 
9.022598 
7.717152 
8.571042 
11.583201 
11.295898 
2166.922217 
832.212103 
11.615820 
17.015133 
14.023043 
86.135605 
23.642436 
13.628320 
21.527984 
7.210225 
17.015133 
8.721861 
38.534776 
7.256323 
10.296030 
9.588053 
21.418575 
25.724198 
17.603781 
11.186022 
11.804925 
9.419539 
25.594504 
16.959626 
8.076899 
27.884152 
28.785139 
6.835332 
12.206809 
11.717155 
9.438272 
29.531812 
6.213501 
10.028576 
9.022598 
7.717152 
8.571042 
11.583201 
11.295898 
2166.922217 
832.212103 
11.615820 
17.015133 
14.023043 
86.135605 
23.642436 
13.628320 
21.527984 
7.210225 
17.015133 
8.721861 
38.534776 
7.256323 
10.296030 
9.588053 
21.418575 
25.724198 
17.603781 
11.186022 
11.804925 
9.419539 
25.594504 
16.959626 
8.076899 
27.884152 
28.785139 
6.835332 
12.206809 
11.717155 
9.438272 
29.531812 
6.213501 
10.028576 
9.022598 
7.717152 
8.571042 
11.583201 
11.295898 
