2046.452161 
794.664122 
15.871022 
12.332768 
15.966456 
109.851899 
26.190449 
15.832224 
23.953946 
11.980636 
12.332768 
16.976470 
28.502577 
15.977005 
14.611917 
15.704464 
27.526520 
17.347047 
15.559710 
13.281947 
12.398264 
10.954107 
20.025286 
14.259566 
12.306362 
21.206462 
40.643007 
10.799774 
33.263176 
50.467765 
29.424500 
32.161561 
19.677407 
13.547970 
27.167857 
17.882696 
15.257253 
18.567657 
21.335774 
2046.452161 
794.664122 
15.871022 
12.332768 
15.966456 
109.851899 
26.190449 
15.832224 
23.953946 
11.980636 
12.332768 
16.976470 
28.502577 
15.977005 
14.611917 
15.704464 
27.526520 
17.347047 
15.559710 
13.281947 
12.398264 
10.954107 
20.025286 
14.259566 
12.306362 
21.206462 
40.643007 
10.799774 
33.263176 
50.467765 
29.424500 
32.161561 
19.677407 
13.547970 
27.167857 
17.882696 
15.257253 
18.567657 
21.335774 
2046.452161 
794.664122 
15.871022 
12.332768 
15.966456 
109.851899 
26.190449 
15.832224 
23.953946 
11.980636 
12.332768 
16.976470 
28.502577 
15.977005 
14.611917 
15.704464 
27.526520 
17.347047 
15.559710 
13.281947 
12.398264 
10.954107 
20.025286 
14.259566 
12.306362 
21.206462 
40.643007 
10.799774 
33.263176 
50.467765 
29.424500 
32.161561 
19.677407 
13.547970 
27.167857 
17.882696 
15.257253 
18.567657 
21.335774 
2046.452161 
794.664122 
15.871022 
12.332768 
15.966456 
109.851899 
26.190449 
15.832224 
23.953946 
11.980636 
12.332768 
16.976470 
28.502577 
15.977005 
14.611917 
15.704464 
27.526520 
17.347047 
15.559710 
13.281947 
12.398264 
10.954107 
20.025286 
14.259566 
12.306362 
21.206462 
40.643007 
10.799774 
33.263176 
50.467765 
29.424500 
32.161561 
19.677407 
13.547970 
27.167857 
17.882696 
15.257253 
18.567657 
21.335774 
2046.452161 
794.664122 
15.871022 
12.332768 
15.966456 
109.851899 
26.190449 
15.832224 
23.953946 
11.980636 
12.332768 
16.976470 
28.502577 
15.977005 
14.611917 
15.704464 
27.526520 
17.347047 
15.559710 
13.281947 
12.398264 
10.954107 
20.025286 
14.259566 
12.306362 
21.206462 
40.643007 
10.799774 
33.263176 
50.467765 
29.424500 
32.161561 
19.677407 
13.547970 
27.167857 
17.882696 
15.257253 
18.567657 
21.335774 
