2035.380722 
800.977916 
15.058339 
14.830460 
16.356604 
93.442737 
28.224569 
11.341033 
23.708803 
13.576908 
14.830460 
13.608824 
47.200840 
15.467634 
28.391574 
14.312177 
35.674626 
24.197392 
22.436150 
11.815592 
11.609275 
10.981148 
18.478531 
15.638412 
12.047307 
9.929414 
24.092799 
16.742874 
26.593216 
19.333207 
23.445257 
30.912087 
21.768804 
14.121207 
20.266086 
12.687876 
15.956481 
16.736952 
16.397415 
2035.380722 
800.977916 
15.058339 
14.830460 
16.356604 
93.442737 
28.224569 
11.341033 
23.708803 
13.576908 
14.830460 
13.608824 
47.200840 
15.467634 
28.391574 
14.312177 
35.674626 
24.197392 
22.436150 
11.815592 
11.609275 
10.981148 
18.478531 
15.638412 
12.047307 
9.929414 
24.092799 
16.742874 
26.593216 
19.333207 
23.445257 
30.912087 
21.768804 
14.121207 
20.266086 
12.687876 
15.956481 
16.736952 
16.397415 
2035.380722 
800.977916 
15.058339 
14.830460 
16.356604 
93.442737 
28.224569 
11.341033 
23.708803 
13.576908 
14.830460 
13.608824 
47.200840 
15.467634 
28.391574 
14.312177 
35.674626 
24.197392 
22.436150 
11.815592 
11.609275 
10.981148 
18.478531 
15.638412 
12.047307 
9.929414 
24.092799 
16.742874 
26.593216 
19.333207 
23.445257 
30.912087 
21.768804 
14.121207 
20.266086 
12.687876 
15.956481 
16.736952 
16.397415 
2035.380722 
800.977916 
15.058339 
14.830460 
16.356604 
93.442737 
28.224569 
11.341033 
23.708803 
13.576908 
14.830460 
13.608824 
47.200840 
15.467634 
28.391574 
14.312177 
35.674626 
24.197392 
22.436150 
11.815592 
11.609275 
10.981148 
18.478531 
15.638412 
12.047307 
9.929414 
24.092799 
16.742874 
26.593216 
19.333207 
23.445257 
30.912087 
21.768804 
14.121207 
20.266086 
12.687876 
15.956481 
16.736952 
16.397415 
2035.380722 
800.977916 
15.058339 
14.830460 
16.356604 
93.442737 
28.224569 
11.341033 
23.708803 
13.576908 
14.830460 
13.608824 
47.200840 
15.467634 
28.391574 
14.312177 
35.674626 
24.197392 
22.436150 
11.815592 
11.609275 
10.981148 
18.478531 
15.638412 
12.047307 
9.929414 
24.092799 
16.742874 
26.593216 
19.333207 
23.445257 
30.912087 
21.768804 
14.121207 
20.266086 
12.687876 
15.956481 
16.736952 
16.397415 
