2038.079783 
788.319756 
17.184582 
16.914159 
16.868842 
91.837258 
16.166788 
13.068888 
26.592076 
16.851682 
16.914159 
12.809042 
27.932774 
13.209486 
15.578562 
21.668250 
21.585051 
26.453417 
17.534192 
17.872526 
6.829927 
11.925526 
12.105875 
11.043888 
14.044220 
15.961783 
21.096855 
12.996673 
30.947828 
23.944704 
19.633826 
27.649420 
25.536262 
16.458456 
12.455273 
8.959454 
10.556220 
24.566390 
17.357774 
2038.079783 
788.319756 
17.184582 
16.914159 
16.868842 
91.837258 
16.166788 
13.068888 
26.592076 
16.851682 
16.914159 
12.809042 
27.932774 
13.209486 
15.578562 
21.668250 
21.585051 
26.453417 
17.534192 
17.872526 
6.829927 
11.925526 
12.105875 
11.043888 
14.044220 
15.961783 
21.096855 
12.996673 
30.947828 
23.944704 
19.633826 
27.649420 
25.536262 
16.458456 
12.455273 
8.959454 
10.556220 
24.566390 
17.357774 
2038.079783 
788.319756 
17.184582 
16.914159 
16.868842 
91.837258 
16.166788 
13.068888 
26.592076 
16.851682 
16.914159 
12.809042 
27.932774 
13.209486 
15.578562 
21.668250 
21.585051 
26.453417 
17.534192 
17.872526 
6.829927 
11.925526 
12.105875 
11.043888 
14.044220 
15.961783 
21.096855 
12.996673 
30.947828 
23.944704 
19.633826 
27.649420 
25.536262 
16.458456 
12.455273 
8.959454 
10.556220 
24.566390 
17.357774 
2038.079783 
788.319756 
17.184582 
16.914159 
16.868842 
91.837258 
16.166788 
13.068888 
26.592076 
16.851682 
16.914159 
12.809042 
27.932774 
13.209486 
15.578562 
21.668250 
21.585051 
26.453417 
17.534192 
17.872526 
6.829927 
11.925526 
12.105875 
11.043888 
14.044220 
15.961783 
21.096855 
12.996673 
30.947828 
23.944704 
19.633826 
27.649420 
25.536262 
16.458456 
12.455273 
8.959454 
10.556220 
24.566390 
17.357774 
2038.079783 
788.319756 
17.184582 
16.914159 
16.868842 
91.837258 
16.166788 
13.068888 
26.592076 
16.851682 
16.914159 
12.809042 
27.932774 
13.209486 
15.578562 
21.668250 
21.585051 
26.453417 
17.534192 
17.872526 
6.829927 
11.925526 
12.105875 
11.043888 
14.044220 
15.961783 
21.096855 
12.996673 
30.947828 
23.944704 
19.633826 
27.649420 
25.536262 
16.458456 
12.455273 
8.959454 
10.556220 
24.566390 
17.357774 
