1990.634991 
773.796599 
18.314363 
23.074448 
18.504874 
94.615229 
28.698231 
21.901569 
21.313839 
15.943088 
23.074448 
19.770603 
53.668716 
15.884736 
20.729110 
26.049471 
40.942147 
26.971014 
17.613859 
20.484711 
12.447174 
10.865700 
19.639229 
16.618284 
13.127369 
20.125693 
24.450726 
18.404763 
16.321432 
16.576566 
19.972542 
24.731914 
30.893554 
17.556205 
22.575402 
8.937813 
13.078258 
21.001190 
26.623596 
1990.634991 
773.796599 
18.314363 
23.074448 
18.504874 
94.615229 
28.698231 
21.901569 
21.313839 
15.943088 
23.074448 
19.770603 
53.668716 
15.884736 
20.729110 
26.049471 
40.942147 
26.971014 
17.613859 
20.484711 
12.447174 
10.865700 
19.639229 
16.618284 
13.127369 
20.125693 
24.450726 
18.404763 
16.321432 
16.576566 
19.972542 
24.731914 
30.893554 
17.556205 
22.575402 
8.937813 
13.078258 
21.001190 
26.623596 
1990.634991 
773.796599 
18.314363 
23.074448 
18.504874 
94.615229 
28.698231 
21.901569 
21.313839 
15.943088 
23.074448 
19.770603 
53.668716 
15.884736 
20.729110 
26.049471 
40.942147 
26.971014 
17.613859 
20.484711 
12.447174 
10.865700 
19.639229 
16.618284 
13.127369 
20.125693 
24.450726 
18.404763 
16.321432 
16.576566 
19.972542 
24.731914 
30.893554 
17.556205 
22.575402 
8.937813 
13.078258 
21.001190 
26.623596 
1990.634991 
773.796599 
18.314363 
23.074448 
18.504874 
94.615229 
28.698231 
21.901569 
21.313839 
15.943088 
23.074448 
19.770603 
53.668716 
15.884736 
20.729110 
26.049471 
40.942147 
26.971014 
17.613859 
20.484711 
12.447174 
10.865700 
19.639229 
16.618284 
13.127369 
20.125693 
24.450726 
18.404763 
16.321432 
16.576566 
19.972542 
24.731914 
30.893554 
17.556205 
22.575402 
8.937813 
13.078258 
21.001190 
26.623596 
1990.634991 
773.796599 
18.314363 
23.074448 
18.504874 
94.615229 
28.698231 
21.901569 
21.313839 
15.943088 
23.074448 
19.770603 
53.668716 
15.884736 
20.729110 
26.049471 
40.942147 
26.971014 
17.613859 
20.484711 
12.447174 
10.865700 
19.639229 
16.618284 
13.127369 
20.125693 
24.450726 
18.404763 
16.321432 
16.576566 
19.972542 
24.731914 
30.893554 
17.556205 
22.575402 
8.937813 
13.078258 
21.001190 
26.623596 
