1985.510058 
804.340900 
13.753425 
13.157231 
17.458574 
74.381372 
21.885018 
15.575752 
21.335996 
12.665719 
13.157231 
16.351760 
57.132639 
10.801294 
17.970912 
12.808759 
28.925201 
28.490147 
11.946709 
12.295268 
12.945700 
12.665621 
20.846483 
18.470237 
12.262641 
19.321716 
26.166733 
12.107436 
40.313676 
31.644498 
27.310061 
42.001413 
30.837294 
12.022079 
25.218461 
13.506488 
11.716255 
26.280527 
31.436645 
1985.510058 
804.340900 
13.753425 
13.157231 
17.458574 
74.381372 
21.885018 
15.575752 
21.335996 
12.665719 
13.157231 
16.351760 
57.132639 
10.801294 
17.970912 
12.808759 
28.925201 
28.490147 
11.946709 
12.295268 
12.945700 
12.665621 
20.846483 
18.470237 
12.262641 
19.321716 
26.166733 
12.107436 
40.313676 
31.644498 
27.310061 
42.001413 
30.837294 
12.022079 
25.218461 
13.506488 
11.716255 
26.280527 
31.436645 
1985.510058 
804.340900 
13.753425 
13.157231 
17.458574 
74.381372 
21.885018 
15.575752 
21.335996 
12.665719 
13.157231 
16.351760 
57.132639 
10.801294 
17.970912 
12.808759 
28.925201 
28.490147 
11.946709 
12.295268 
12.945700 
12.665621 
20.846483 
18.470237 
12.262641 
19.321716 
26.166733 
12.107436 
40.313676 
31.644498 
27.310061 
42.001413 
30.837294 
12.022079 
25.218461 
13.506488 
11.716255 
26.280527 
31.436645 
1985.510058 
804.340900 
13.753425 
13.157231 
17.458574 
74.381372 
21.885018 
15.575752 
21.335996 
12.665719 
13.157231 
16.351760 
57.132639 
10.801294 
17.970912 
12.808759 
28.925201 
28.490147 
11.946709 
12.295268 
12.945700 
12.665621 
20.846483 
18.470237 
12.262641 
19.321716 
26.166733 
12.107436 
40.313676 
31.644498 
27.310061 
42.001413 
30.837294 
12.022079 
25.218461 
13.506488 
11.716255 
26.280527 
31.436645 
1985.510058 
804.340900 
13.753425 
13.157231 
17.458574 
74.381372 
21.885018 
15.575752 
21.335996 
12.665719 
13.157231 
16.351760 
57.132639 
10.801294 
17.970912 
12.808759 
28.925201 
28.490147 
11.946709 
12.295268 
12.945700 
12.665621 
20.846483 
18.470237 
12.262641 
19.321716 
26.166733 
12.107436 
40.313676 
31.644498 
27.310061 
42.001413 
30.837294 
12.022079 
25.218461 
13.506488 
11.716255 
26.280527 
31.436645 
