1985.510058 
804.340900 
13.753425 
13.157231 
17.458574 
74.381372 
21.885018 
15.575752 
21.335996 
12.665719 
13.157231 
16.351760 
57.132639 
10.801294 
17.970912 
12.808759 
28.925201 
28.490147 
11.946709 
12.295268 
12.945700 
12.665621 
20.846483 
18.470237 
12.262641 
19.321716 
26.166733 
12.107436 
40.313676 
31.644498 
27.310061 
42.001413 
30.837294 
12.022079 
25.218461 
13.506488 
11.716255 
26.280527 
31.436645 
2025.232372 
814.663211 
14.921929 
12.866439 
16.979238 
103.084717 
25.536148 
13.005089 
21.641374 
15.086715 
12.866439 
9.143763 
27.140118 
19.283574 
19.187459 
13.855957 
28.496441 
23.054947 
16.404149 
14.581628 
9.907999 
12.777016 
13.338739 
19.310570 
15.686071 
19.265978 
27.437982 
13.521222 
31.641709 
18.481702 
22.493502 
35.092521 
45.418578 
14.212554 
20.935488 
17.813689 
15.952082 
28.923018 
23.730434 
2025.232372 
814.663211 
14.921929 
12.866439 
16.979238 
103.084717 
25.536148 
13.005089 
21.641374 
15.086715 
12.866439 
9.143763 
27.140118 
19.283574 
19.187459 
13.855957 
28.496441 
23.054947 
16.404149 
14.581628 
9.907999 
12.777016 
13.338739 
19.310570 
15.686071 
19.265978 
27.437982 
13.521222 
31.641709 
18.481702 
22.493502 
35.092521 
45.418578 
14.212554 
20.935488 
17.813689 
15.952082 
28.923018 
23.730434 
2025.232372 
814.663211 
14.921929 
12.866439 
16.979238 
103.084717 
25.536148 
13.005089 
21.641374 
15.086715 
12.866439 
9.143763 
27.140118 
19.283574 
19.187459 
13.855957 
28.496441 
23.054947 
16.404149 
14.581628 
9.907999 
12.777016 
13.338739 
19.310570 
15.686071 
19.265978 
27.437982 
13.521222 
31.641709 
18.481702 
22.493502 
35.092521 
45.418578 
14.212554 
20.935488 
17.813689 
15.952082 
28.923018 
23.730434 
2025.232372 
814.663211 
14.921929 
12.866439 
16.979238 
103.084717 
25.536148 
13.005089 
21.641374 
15.086715 
12.866439 
9.143763 
27.140118 
19.283574 
19.187459 
13.855957 
28.496441 
23.054947 
16.404149 
14.581628 
9.907999 
12.777016 
13.338739 
19.310570 
15.686071 
19.265978 
27.437982 
13.521222 
31.641709 
18.481702 
22.493502 
35.092521 
45.418578 
14.212554 
20.935488 
17.813689 
15.952082 
28.923018 
23.730434 
