2002.964958 
788.305506 
12.671135 
16.216077 
17.182600 
93.679032 
17.172653 
10.655315 
19.586494 
14.812300 
16.216077 
11.725742 
26.594181 
11.908644 
16.175274 
9.415577 
29.342219 
18.476312 
14.698565 
14.331226 
8.801878 
10.189798 
17.137016 
14.363061 
12.581323 
14.926728 
23.170680 
11.296655 
38.959989 
20.237934 
25.192323 
31.503578 
30.512362 
10.230932 
38.139115 
14.198630 
11.821331 
29.527016 
27.206787 
2002.964958 
788.305506 
12.671135 
16.216077 
17.182600 
93.679032 
17.172653 
10.655315 
19.586494 
14.812300 
16.216077 
11.725742 
26.594181 
11.908644 
16.175274 
9.415577 
29.342219 
18.476312 
14.698565 
14.331226 
8.801878 
10.189798 
17.137016 
14.363061 
12.581323 
14.926728 
23.170680 
11.296655 
38.959989 
20.237934 
25.192323 
31.503578 
30.512362 
10.230932 
38.139115 
14.198630 
11.821331 
29.527016 
27.206787 
2002.964958 
788.305506 
12.671135 
16.216077 
17.182600 
93.679032 
17.172653 
10.655315 
19.586494 
14.812300 
16.216077 
11.725742 
26.594181 
11.908644 
16.175274 
9.415577 
29.342219 
18.476312 
14.698565 
14.331226 
8.801878 
10.189798 
17.137016 
14.363061 
12.581323 
14.926728 
23.170680 
11.296655 
38.959989 
20.237934 
25.192323 
31.503578 
30.512362 
10.230932 
38.139115 
14.198630 
11.821331 
29.527016 
27.206787 
2002.964958 
788.305506 
12.671135 
16.216077 
17.182600 
93.679032 
17.172653 
10.655315 
19.586494 
14.812300 
16.216077 
11.725742 
26.594181 
11.908644 
16.175274 
9.415577 
29.342219 
18.476312 
14.698565 
14.331226 
8.801878 
10.189798 
17.137016 
14.363061 
12.581323 
14.926728 
23.170680 
11.296655 
38.959989 
20.237934 
25.192323 
31.503578 
30.512362 
10.230932 
38.139115 
14.198630 
11.821331 
29.527016 
27.206787 
2002.964958 
788.305506 
12.671135 
16.216077 
17.182600 
93.679032 
17.172653 
10.655315 
19.586494 
14.812300 
16.216077 
11.725742 
26.594181 
11.908644 
16.175274 
9.415577 
29.342219 
18.476312 
14.698565 
14.331226 
8.801878 
10.189798 
17.137016 
14.363061 
12.581323 
14.926728 
23.170680 
11.296655 
38.959989 
20.237934 
25.192323 
31.503578 
30.512362 
10.230932 
38.139115 
14.198630 
11.821331 
29.527016 
27.206787 
