2006.760314 
792.104457 
15.780873 
24.502818 
16.182953 
88.425059 
29.950069 
17.401417 
23.434034 
15.531310 
24.502818 
9.816402 
56.921184 
11.316038 
19.488328 
13.696297 
30.460586 
43.256286 
18.538946 
13.924020 
12.843784 
11.072768 
12.805982 
20.147704 
13.318079 
23.682114 
27.617273 
13.269326 
27.832731 
18.519312 
21.173512 
32.354329 
22.143491 
14.479718 
21.289846 
13.039895 
13.956015 
25.057892 
21.598949 
2006.760314 
792.104457 
15.780873 
24.502818 
16.182953 
88.425059 
29.950069 
17.401417 
23.434034 
15.531310 
24.502818 
9.816402 
56.921184 
11.316038 
19.488328 
13.696297 
30.460586 
43.256286 
18.538946 
13.924020 
12.843784 
11.072768 
12.805982 
20.147704 
13.318079 
23.682114 
27.617273 
13.269326 
27.832731 
18.519312 
21.173512 
32.354329 
22.143491 
14.479718 
21.289846 
13.039895 
13.956015 
25.057892 
21.598949 
2006.760314 
792.104457 
15.780873 
24.502818 
16.182953 
88.425059 
29.950069 
17.401417 
23.434034 
15.531310 
24.502818 
9.816402 
56.921184 
11.316038 
19.488328 
13.696297 
30.460586 
43.256286 
18.538946 
13.924020 
12.843784 
11.072768 
12.805982 
20.147704 
13.318079 
23.682114 
27.617273 
13.269326 
27.832731 
18.519312 
21.173512 
32.354329 
22.143491 
14.479718 
21.289846 
13.039895 
13.956015 
25.057892 
21.598949 
2006.760314 
792.104457 
15.780873 
24.502818 
16.182953 
88.425059 
29.950069 
17.401417 
23.434034 
15.531310 
24.502818 
9.816402 
56.921184 
11.316038 
19.488328 
13.696297 
30.460586 
43.256286 
18.538946 
13.924020 
12.843784 
11.072768 
12.805982 
20.147704 
13.318079 
23.682114 
27.617273 
13.269326 
27.832731 
18.519312 
21.173512 
32.354329 
22.143491 
14.479718 
21.289846 
13.039895 
13.956015 
25.057892 
21.598949 
2006.760314 
792.104457 
15.780873 
24.502818 
16.182953 
88.425059 
29.950069 
17.401417 
23.434034 
15.531310 
24.502818 
9.816402 
56.921184 
11.316038 
19.488328 
13.696297 
30.460586 
43.256286 
18.538946 
13.924020 
12.843784 
11.072768 
12.805982 
20.147704 
13.318079 
23.682114 
27.617273 
13.269326 
27.832731 
18.519312 
21.173512 
32.354329 
22.143491 
14.479718 
21.289846 
13.039895 
13.956015 
25.057892 
21.598949 
