2011.401140 
797.925721 
16.843260 
15.472078 
20.499395 
87.838853 
23.453489 
15.896383 
22.691126 
22.399701 
15.472078 
16.930347 
47.104044 
14.615991 
21.371778 
14.315856 
36.302293 
32.860612 
21.855084 
13.489358 
7.488058 
13.045627 
14.868581 
15.916664 
13.942940 
22.432770 
23.427692 
12.223734 
27.975004 
27.234990 
24.707086 
31.979210 
16.158341 
16.336393 
16.843247 
11.753980 
12.430547 
28.479627 
25.716773 
2011.401140 
797.925721 
16.843260 
15.472078 
20.499395 
87.838853 
23.453489 
15.896383 
22.691126 
22.399701 
15.472078 
16.930347 
47.104044 
14.615991 
21.371778 
14.315856 
36.302293 
32.860612 
21.855084 
13.489358 
7.488058 
13.045627 
14.868581 
15.916664 
13.942940 
22.432770 
23.427692 
12.223734 
27.975004 
27.234990 
24.707086 
31.979210 
16.158341 
16.336393 
16.843247 
11.753980 
12.430547 
28.479627 
25.716773 
2011.401140 
797.925721 
16.843260 
15.472078 
20.499395 
87.838853 
23.453489 
15.896383 
22.691126 
22.399701 
15.472078 
16.930347 
47.104044 
14.615991 
21.371778 
14.315856 
36.302293 
32.860612 
21.855084 
13.489358 
7.488058 
13.045627 
14.868581 
15.916664 
13.942940 
22.432770 
23.427692 
12.223734 
27.975004 
27.234990 
24.707086 
31.979210 
16.158341 
16.336393 
16.843247 
11.753980 
12.430547 
28.479627 
25.716773 
2011.401140 
797.925721 
16.843260 
15.472078 
20.499395 
87.838853 
23.453489 
15.896383 
22.691126 
22.399701 
15.472078 
16.930347 
47.104044 
14.615991 
21.371778 
14.315856 
36.302293 
32.860612 
21.855084 
13.489358 
7.488058 
13.045627 
14.868581 
15.916664 
13.942940 
22.432770 
23.427692 
12.223734 
27.975004 
27.234990 
24.707086 
31.979210 
16.158341 
16.336393 
16.843247 
11.753980 
12.430547 
28.479627 
25.716773 
2011.401140 
797.925721 
16.843260 
15.472078 
20.499395 
87.838853 
23.453489 
15.896383 
22.691126 
22.399701 
15.472078 
16.930347 
47.104044 
14.615991 
21.371778 
14.315856 
36.302293 
32.860612 
21.855084 
13.489358 
7.488058 
13.045627 
14.868581 
15.916664 
13.942940 
22.432770 
23.427692 
12.223734 
27.975004 
27.234990 
24.707086 
31.979210 
16.158341 
16.336393 
16.843247 
11.753980 
12.430547 
28.479627 
25.716773 
