2055.003325 
804.751318 
15.168318 
13.762488 
17.335458 
84.149036 
27.672385 
10.885574 
21.311982 
13.429634 
13.762488 
14.757863 
33.173577 
14.944147 
24.799656 
15.919215 
22.142986 
17.266854 
15.563873 
11.313565 
9.703316 
6.743720 
19.202084 
16.888551 
11.765340 
23.514338 
32.700910 
15.288177 
21.038865 
19.525692 
17.902285 
36.474973 
24.497443 
13.088870 
15.043936 
13.165295 
13.653396 
14.949284 
17.395906 
2055.003325 
804.751318 
15.168318 
13.762488 
17.335458 
84.149036 
27.672385 
10.885574 
21.311982 
13.429634 
13.762488 
14.757863 
33.173577 
14.944147 
24.799656 
15.919215 
22.142986 
17.266854 
15.563873 
11.313565 
9.703316 
6.743720 
19.202084 
16.888551 
11.765340 
23.514338 
32.700910 
15.288177 
21.038865 
19.525692 
17.902285 
36.474973 
24.497443 
13.088870 
15.043936 
13.165295 
13.653396 
14.949284 
17.395906 
2055.003325 
804.751318 
15.168318 
13.762488 
17.335458 
84.149036 
27.672385 
10.885574 
21.311982 
13.429634 
13.762488 
14.757863 
33.173577 
14.944147 
24.799656 
15.919215 
22.142986 
17.266854 
15.563873 
11.313565 
9.703316 
6.743720 
19.202084 
16.888551 
11.765340 
23.514338 
32.700910 
15.288177 
21.038865 
19.525692 
17.902285 
36.474973 
24.497443 
13.088870 
15.043936 
13.165295 
13.653396 
14.949284 
17.395906 
2055.003325 
804.751318 
15.168318 
13.762488 
17.335458 
84.149036 
27.672385 
10.885574 
21.311982 
13.429634 
13.762488 
14.757863 
33.173577 
14.944147 
24.799656 
15.919215 
22.142986 
17.266854 
15.563873 
11.313565 
9.703316 
6.743720 
19.202084 
16.888551 
11.765340 
23.514338 
32.700910 
15.288177 
21.038865 
19.525692 
17.902285 
36.474973 
24.497443 
13.088870 
15.043936 
13.165295 
13.653396 
14.949284 
17.395906 
2055.003325 
804.751318 
15.168318 
13.762488 
17.335458 
84.149036 
27.672385 
10.885574 
21.311982 
13.429634 
13.762488 
14.757863 
33.173577 
14.944147 
24.799656 
15.919215 
22.142986 
17.266854 
15.563873 
11.313565 
9.703316 
6.743720 
19.202084 
16.888551 
11.765340 
23.514338 
32.700910 
15.288177 
21.038865 
19.525692 
17.902285 
36.474973 
24.497443 
13.088870 
15.043936 
13.165295 
13.653396 
14.949284 
17.395906 
