2050.217375 
795.380760 
18.779603 
16.423500 
22.864990 
84.096122 
39.044583 
22.976234 
28.586105 
24.644173 
16.423500 
10.231892 
33.685415 
22.800868 
20.036937 
17.472989 
25.138575 
26.520660 
16.947116 
15.395083 
16.288574 
13.716991 
16.466227 
12.466955 
19.468463 
19.066901 
20.630355 
12.726698 
30.708030 
17.581731 
22.764534 
27.163519 
18.369287 
16.717798 
24.354859 
17.423272 
15.885033 
25.204536 
18.891851 
2050.217375 
795.380760 
18.779603 
16.423500 
22.864990 
84.096122 
39.044583 
22.976234 
28.586105 
24.644173 
16.423500 
10.231892 
33.685415 
22.800868 
20.036937 
17.472989 
25.138575 
26.520660 
16.947116 
15.395083 
16.288574 
13.716991 
16.466227 
12.466955 
19.468463 
19.066901 
20.630355 
12.726698 
30.708030 
17.581731 
22.764534 
27.163519 
18.369287 
16.717798 
24.354859 
17.423272 
15.885033 
25.204536 
18.891851 
2050.217375 
795.380760 
18.779603 
16.423500 
22.864990 
84.096122 
39.044583 
22.976234 
28.586105 
24.644173 
16.423500 
10.231892 
33.685415 
22.800868 
20.036937 
17.472989 
25.138575 
26.520660 
16.947116 
15.395083 
16.288574 
13.716991 
16.466227 
12.466955 
19.468463 
19.066901 
20.630355 
12.726698 
30.708030 
17.581731 
22.764534 
27.163519 
18.369287 
16.717798 
24.354859 
17.423272 
15.885033 
25.204536 
18.891851 
2050.217375 
795.380760 
18.779603 
16.423500 
22.864990 
84.096122 
39.044583 
22.976234 
28.586105 
24.644173 
16.423500 
10.231892 
33.685415 
22.800868 
20.036937 
17.472989 
25.138575 
26.520660 
16.947116 
15.395083 
16.288574 
13.716991 
16.466227 
12.466955 
19.468463 
19.066901 
20.630355 
12.726698 
30.708030 
17.581731 
22.764534 
27.163519 
18.369287 
16.717798 
24.354859 
17.423272 
15.885033 
25.204536 
18.891851 
2050.217375 
795.380760 
18.779603 
16.423500 
22.864990 
84.096122 
39.044583 
22.976234 
28.586105 
24.644173 
16.423500 
10.231892 
33.685415 
22.800868 
20.036937 
17.472989 
25.138575 
26.520660 
16.947116 
15.395083 
16.288574 
13.716991 
16.466227 
12.466955 
19.468463 
19.066901 
20.630355 
12.726698 
30.708030 
17.581731 
22.764534 
27.163519 
18.369287 
16.717798 
24.354859 
17.423272 
15.885033 
25.204536 
18.891851 
