2017.625324 
802.487343 
17.793160 
16.033596 
18.201780 
111.339501 
33.634105 
20.201982 
41.858870 
18.263182 
16.033596 
12.790994 
59.966783 
14.689954 
13.275937 
14.992156 
44.300837 
34.500202 
23.194517 
22.948318 
14.780642 
12.153488 
15.191922 
18.055128 
15.601651 
19.101572 
30.811773 
25.843800 
14.484971 
24.763548 
23.807782 
26.670558 
15.312014 
14.307204 
19.810839 
21.644842 
18.581254 
28.673118 
21.769405 
2017.625324 
802.487343 
17.793160 
16.033596 
18.201780 
111.339501 
33.634105 
20.201982 
41.858870 
18.263182 
16.033596 
12.790994 
59.966783 
14.689954 
13.275937 
14.992156 
44.300837 
34.500202 
23.194517 
22.948318 
14.780642 
12.153488 
15.191922 
18.055128 
15.601651 
19.101572 
30.811773 
25.843800 
14.484971 
24.763548 
23.807782 
26.670558 
15.312014 
14.307204 
19.810839 
21.644842 
18.581254 
28.673118 
21.769405 
2017.625324 
802.487343 
17.793160 
16.033596 
18.201780 
111.339501 
33.634105 
20.201982 
41.858870 
18.263182 
16.033596 
12.790994 
59.966783 
14.689954 
13.275937 
14.992156 
44.300837 
34.500202 
23.194517 
22.948318 
14.780642 
12.153488 
15.191922 
18.055128 
15.601651 
19.101572 
30.811773 
25.843800 
14.484971 
24.763548 
23.807782 
26.670558 
15.312014 
14.307204 
19.810839 
21.644842 
18.581254 
28.673118 
21.769405 
2017.625324 
802.487343 
17.793160 
16.033596 
18.201780 
111.339501 
33.634105 
20.201982 
41.858870 
18.263182 
16.033596 
12.790994 
59.966783 
14.689954 
13.275937 
14.992156 
44.300837 
34.500202 
23.194517 
22.948318 
14.780642 
12.153488 
15.191922 
18.055128 
15.601651 
19.101572 
30.811773 
25.843800 
14.484971 
24.763548 
23.807782 
26.670558 
15.312014 
14.307204 
19.810839 
21.644842 
18.581254 
28.673118 
21.769405 
2017.625324 
802.487343 
17.793160 
16.033596 
18.201780 
111.339501 
33.634105 
20.201982 
41.858870 
18.263182 
16.033596 
12.790994 
59.966783 
14.689954 
13.275937 
14.992156 
44.300837 
34.500202 
23.194517 
22.948318 
14.780642 
12.153488 
15.191922 
18.055128 
15.601651 
19.101572 
30.811773 
25.843800 
14.484971 
24.763548 
23.807782 
26.670558 
15.312014 
14.307204 
19.810839 
21.644842 
18.581254 
28.673118 
21.769405 
