2015.592698 
798.943439 
15.386437 
11.862507 
17.894459 
77.687886 
33.830559 
18.120287 
30.005919 
11.380468 
11.862507 
11.004110 
39.532937 
20.244417 
15.501969 
14.449022 
24.788500 
29.475659 
13.541255 
12.421444 
14.130908 
8.844078 
25.790473 
17.712471 
11.795421 
34.692748 
38.279490 
11.873424 
19.641873 
19.946154 
18.072494 
38.124938 
18.020708 
15.305706 
17.653133 
12.156960 
12.139780 
19.651162 
21.722187 
2015.592698 
798.943439 
15.386437 
11.862507 
17.894459 
77.687886 
33.830559 
18.120287 
30.005919 
11.380468 
11.862507 
11.004110 
39.532937 
20.244417 
15.501969 
14.449022 
24.788500 
29.475659 
13.541255 
12.421444 
14.130908 
8.844078 
25.790473 
17.712471 
11.795421 
34.692748 
38.279490 
11.873424 
19.641873 
19.946154 
18.072494 
38.124938 
18.020708 
15.305706 
17.653133 
12.156960 
12.139780 
19.651162 
21.722187 
2015.592698 
798.943439 
15.386437 
11.862507 
17.894459 
77.687886 
33.830559 
18.120287 
30.005919 
11.380468 
11.862507 
11.004110 
39.532937 
20.244417 
15.501969 
14.449022 
24.788500 
29.475659 
13.541255 
12.421444 
14.130908 
8.844078 
25.790473 
17.712471 
11.795421 
34.692748 
38.279490 
11.873424 
19.641873 
19.946154 
18.072494 
38.124938 
18.020708 
15.305706 
17.653133 
12.156960 
12.139780 
19.651162 
21.722187 
2015.592698 
798.943439 
15.386437 
11.862507 
17.894459 
77.687886 
33.830559 
18.120287 
30.005919 
11.380468 
11.862507 
11.004110 
39.532937 
20.244417 
15.501969 
14.449022 
24.788500 
29.475659 
13.541255 
12.421444 
14.130908 
8.844078 
25.790473 
17.712471 
11.795421 
34.692748 
38.279490 
11.873424 
19.641873 
19.946154 
18.072494 
38.124938 
18.020708 
15.305706 
17.653133 
12.156960 
12.139780 
19.651162 
21.722187 
2015.592698 
798.943439 
15.386437 
11.862507 
17.894459 
77.687886 
33.830559 
18.120287 
30.005919 
11.380468 
11.862507 
11.004110 
39.532937 
20.244417 
15.501969 
14.449022 
24.788500 
29.475659 
13.541255 
12.421444 
14.130908 
8.844078 
25.790473 
17.712471 
11.795421 
34.692748 
38.279490 
11.873424 
19.641873 
19.946154 
18.072494 
38.124938 
18.020708 
15.305706 
17.653133 
12.156960 
12.139780 
19.651162 
21.722187 
