2062.836125 
813.467221 
17.463235 
18.476812 
16.737097 
87.679777 
21.603064 
17.912671 
15.863655 
11.914774 
18.476812 
14.027444 
40.709256 
14.350685 
24.885155 
12.705566 
21.851133 
22.100509 
18.814065 
18.666765 
15.912949 
7.072175 
13.790616 
17.109931 
12.974226 
13.557657 
19.714960 
13.751765 
21.006191 
25.186927 
24.261535 
26.672049 
23.482500 
14.002633 
15.623561 
16.713178 
13.239806 
24.541079 
19.468972 
2062.836125 
813.467221 
17.463235 
18.476812 
16.737097 
87.679777 
21.603064 
17.912671 
15.863655 
11.914774 
18.476812 
14.027444 
40.709256 
14.350685 
24.885155 
12.705566 
21.851133 
22.100509 
18.814065 
18.666765 
15.912949 
7.072175 
13.790616 
17.109931 
12.974226 
13.557657 
19.714960 
13.751765 
21.006191 
25.186927 
24.261535 
26.672049 
23.482500 
14.002633 
15.623561 
16.713178 
13.239806 
24.541079 
19.468972 
2062.836125 
813.467221 
17.463235 
18.476812 
16.737097 
87.679777 
21.603064 
17.912671 
15.863655 
11.914774 
18.476812 
14.027444 
40.709256 
14.350685 
24.885155 
12.705566 
21.851133 
22.100509 
18.814065 
18.666765 
15.912949 
7.072175 
13.790616 
17.109931 
12.974226 
13.557657 
19.714960 
13.751765 
21.006191 
25.186927 
24.261535 
26.672049 
23.482500 
14.002633 
15.623561 
16.713178 
13.239806 
24.541079 
19.468972 
2062.836125 
813.467221 
17.463235 
18.476812 
16.737097 
87.679777 
21.603064 
17.912671 
15.863655 
11.914774 
18.476812 
14.027444 
40.709256 
14.350685 
24.885155 
12.705566 
21.851133 
22.100509 
18.814065 
18.666765 
15.912949 
7.072175 
13.790616 
17.109931 
12.974226 
13.557657 
19.714960 
13.751765 
21.006191 
25.186927 
24.261535 
26.672049 
23.482500 
14.002633 
15.623561 
16.713178 
13.239806 
24.541079 
19.468972 
2062.836125 
813.467221 
17.463235 
18.476812 
16.737097 
87.679777 
21.603064 
17.912671 
15.863655 
11.914774 
18.476812 
14.027444 
40.709256 
14.350685 
24.885155 
12.705566 
21.851133 
22.100509 
18.814065 
18.666765 
15.912949 
7.072175 
13.790616 
17.109931 
12.974226 
13.557657 
19.714960 
13.751765 
21.006191 
25.186927 
24.261535 
26.672049 
23.482500 
14.002633 
15.623561 
16.713178 
13.239806 
24.541079 
19.468972 
