2221.593651 
892.680610 
12.271375 
15.384968 
18.570395 
88.950436 
21.350551 
17.519674 
28.574698 
12.109897 
15.384968 
14.532014 
15.799954 
14.512302 
22.419527 
8.789415 
16.867346 
12.923630 
15.387863 
9.020626 
9.583969 
9.104679 
14.050285 
8.263415 
9.294878 
8.521286 
8.104421 
8.063124 
11.402209 
7.240935 
9.125443 
9.041492 
5.838568 
8.628949 
6.942799 
6.894922 
9.654447 
8.885785 
11.010919 
2221.593651 
892.680610 
12.271375 
15.384968 
18.570395 
88.950436 
21.350551 
17.519674 
28.574698 
12.109897 
15.384968 
14.532014 
15.799954 
14.512302 
22.419527 
8.789415 
16.867346 
12.923630 
15.387863 
9.020626 
9.583969 
9.104679 
14.050285 
8.263415 
9.294878 
8.521286 
8.104421 
8.063124 
11.402209 
7.240935 
9.125443 
9.041492 
5.838568 
8.628949 
6.942799 
6.894922 
9.654447 
8.885785 
11.010919 
2221.593651 
892.680610 
12.271375 
15.384968 
18.570395 
88.950436 
21.350551 
17.519674 
28.574698 
12.109897 
15.384968 
14.532014 
15.799954 
14.512302 
22.419527 
8.789415 
16.867346 
12.923630 
15.387863 
9.020626 
9.583969 
9.104679 
14.050285 
8.263415 
9.294878 
8.521286 
8.104421 
8.063124 
11.402209 
7.240935 
9.125443 
9.041492 
5.838568 
8.628949 
6.942799 
6.894922 
9.654447 
8.885785 
11.010919 
2221.593651 
892.680610 
12.271375 
15.384968 
18.570395 
88.950436 
21.350551 
17.519674 
28.574698 
12.109897 
15.384968 
14.532014 
15.799954 
14.512302 
22.419527 
8.789415 
16.867346 
12.923630 
15.387863 
9.020626 
9.583969 
9.104679 
14.050285 
8.263415 
9.294878 
8.521286 
8.104421 
8.063124 
11.402209 
7.240935 
9.125443 
9.041492 
5.838568 
8.628949 
6.942799 
6.894922 
9.654447 
8.885785 
11.010919 
2221.593651 
892.680610 
12.271375 
15.384968 
18.570395 
88.950436 
21.350551 
17.519674 
28.574698 
12.109897 
15.384968 
14.532014 
15.799954 
14.512302 
22.419527 
8.789415 
16.867346 
12.923630 
15.387863 
9.020626 
9.583969 
9.104679 
14.050285 
8.263415 
9.294878 
8.521286 
8.104421 
8.063124 
11.402209 
7.240935 
9.125443 
9.041492 
5.838568 
8.628949 
6.942799 
6.894922 
9.654447 
8.885785 
11.010919 
