2187.026440 
872.572725 
13.854376 
15.919323 
20.533080 
98.194683 
20.005089 
14.626368 
33.150703 
14.793708 
15.919323 
13.884017 
21.546230 
7.831465 
27.045469 
12.232968 
12.969889 
14.996457 
12.528198 
12.127451 
7.812938 
15.569424 
11.438079 
15.901148 
11.960656 
16.168238 
11.241584 
10.875142 
12.999789 
12.355405 
12.852766 
11.212636 
9.590690 
12.973149 
8.250429 
11.110136 
10.911871 
13.317631 
10.987157 
2187.026440 
872.572725 
13.854376 
15.919323 
20.533080 
98.194683 
20.005089 
14.626368 
33.150703 
14.793708 
15.919323 
13.884017 
21.546230 
7.831465 
27.045469 
12.232968 
12.969889 
14.996457 
12.528198 
12.127451 
7.812938 
15.569424 
11.438079 
15.901148 
11.960656 
16.168238 
11.241584 
10.875142 
12.999789 
12.355405 
12.852766 
11.212636 
9.590690 
12.973149 
8.250429 
11.110136 
10.911871 
13.317631 
10.987157 
2187.026440 
872.572725 
13.854376 
15.919323 
20.533080 
98.194683 
20.005089 
14.626368 
33.150703 
14.793708 
15.919323 
13.884017 
21.546230 
7.831465 
27.045469 
12.232968 
12.969889 
14.996457 
12.528198 
12.127451 
7.812938 
15.569424 
11.438079 
15.901148 
11.960656 
16.168238 
11.241584 
10.875142 
12.999789 
12.355405 
12.852766 
11.212636 
9.590690 
12.973149 
8.250429 
11.110136 
10.911871 
13.317631 
10.987157 
2187.026440 
872.572725 
13.854376 
15.919323 
20.533080 
98.194683 
20.005089 
14.626368 
33.150703 
14.793708 
15.919323 
13.884017 
21.546230 
7.831465 
27.045469 
12.232968 
12.969889 
14.996457 
12.528198 
12.127451 
7.812938 
15.569424 
11.438079 
15.901148 
11.960656 
16.168238 
11.241584 
10.875142 
12.999789 
12.355405 
12.852766 
11.212636 
9.590690 
12.973149 
8.250429 
11.110136 
10.911871 
13.317631 
10.987157 
2187.026440 
872.572725 
13.854376 
15.919323 
20.533080 
98.194683 
20.005089 
14.626368 
33.150703 
14.793708 
15.919323 
13.884017 
21.546230 
7.831465 
27.045469 
12.232968 
12.969889 
14.996457 
12.528198 
12.127451 
7.812938 
15.569424 
11.438079 
15.901148 
11.960656 
16.168238 
11.241584 
10.875142 
12.999789 
12.355405 
12.852766 
11.212636 
9.590690 
12.973149 
8.250429 
11.110136 
10.911871 
13.317631 
10.987157 
