2191.894526 
858.799353 
12.076957 
16.008464 
15.128204 
87.881497 
22.731336 
16.341576 
20.532528 
12.665369 
16.008464 
12.246124 
21.277473 
11.513720 
14.834545 
8.725957 
16.097969 
18.879280 
12.414597 
12.091369 
8.038798 
10.817845 
10.987460 
8.556426 
10.813155 
5.380708 
10.715577 
7.389497 
6.361677 
9.281531 
12.018378 
10.564038 
7.028984 
11.663748 
12.113682 
5.387157 
7.462531 
11.861631 
12.568516 
2191.894526 
858.799353 
12.076957 
16.008464 
15.128204 
87.881497 
22.731336 
16.341576 
20.532528 
12.665369 
16.008464 
12.246124 
21.277473 
11.513720 
14.834545 
8.725957 
16.097969 
18.879280 
12.414597 
12.091369 
8.038798 
10.817845 
10.987460 
8.556426 
10.813155 
5.380708 
10.715577 
7.389497 
6.361677 
9.281531 
12.018378 
10.564038 
7.028984 
11.663748 
12.113682 
5.387157 
7.462531 
11.861631 
12.568516 
2191.894526 
858.799353 
12.076957 
16.008464 
15.128204 
87.881497 
22.731336 
16.341576 
20.532528 
12.665369 
16.008464 
12.246124 
21.277473 
11.513720 
14.834545 
8.725957 
16.097969 
18.879280 
12.414597 
12.091369 
8.038798 
10.817845 
10.987460 
8.556426 
10.813155 
5.380708 
10.715577 
7.389497 
6.361677 
9.281531 
12.018378 
10.564038 
7.028984 
11.663748 
12.113682 
5.387157 
7.462531 
11.861631 
12.568516 
2191.894526 
858.799353 
12.076957 
16.008464 
15.128204 
87.881497 
22.731336 
16.341576 
20.532528 
12.665369 
16.008464 
12.246124 
21.277473 
11.513720 
14.834545 
8.725957 
16.097969 
18.879280 
12.414597 
12.091369 
8.038798 
10.817845 
10.987460 
8.556426 
10.813155 
5.380708 
10.715577 
7.389497 
6.361677 
9.281531 
12.018378 
10.564038 
7.028984 
11.663748 
12.113682 
5.387157 
7.462531 
11.861631 
12.568516 
2191.894526 
858.799353 
12.076957 
16.008464 
15.128204 
87.881497 
22.731336 
16.341576 
20.532528 
12.665369 
16.008464 
12.246124 
21.277473 
11.513720 
14.834545 
8.725957 
16.097969 
18.879280 
12.414597 
12.091369 
8.038798 
10.817845 
10.987460 
8.556426 
10.813155 
5.380708 
10.715577 
7.389497 
6.361677 
9.281531 
12.018378 
10.564038 
7.028984 
11.663748 
12.113682 
5.387157 
7.462531 
11.861631 
12.568516 
