2170.587621 
885.455244 
12.365160 
11.617034 
19.925801 
120.686503 
20.891576 
10.486267 
29.675875 
14.970416 
11.617034 
15.279601 
26.598944 
14.573870 
25.402016 
15.156932 
16.312052 
16.672252 
15.460450 
16.848251 
9.878008 
17.243930 
13.927752 
10.002099 
12.107595 
21.769518 
11.796735 
13.576003 
9.374028 
6.940901 
12.822501 
12.044899 
8.211380 
12.000874 
10.643487 
9.468258 
11.956882 
12.190780 
13.797121 
2170.587621 
885.455244 
12.365160 
11.617034 
19.925801 
120.686503 
20.891576 
10.486267 
29.675875 
14.970416 
11.617034 
15.279601 
26.598944 
14.573870 
25.402016 
15.156932 
16.312052 
16.672252 
15.460450 
16.848251 
9.878008 
17.243930 
13.927752 
10.002099 
12.107595 
21.769518 
11.796735 
13.576003 
9.374028 
6.940901 
12.822501 
12.044899 
8.211380 
12.000874 
10.643487 
9.468258 
11.956882 
12.190780 
13.797121 
2170.587621 
885.455244 
12.365160 
11.617034 
19.925801 
120.686503 
20.891576 
10.486267 
29.675875 
14.970416 
11.617034 
15.279601 
26.598944 
14.573870 
25.402016 
15.156932 
16.312052 
16.672252 
15.460450 
16.848251 
9.878008 
17.243930 
13.927752 
10.002099 
12.107595 
21.769518 
11.796735 
13.576003 
9.374028 
6.940901 
12.822501 
12.044899 
8.211380 
12.000874 
10.643487 
9.468258 
11.956882 
12.190780 
13.797121 
2170.587621 
885.455244 
12.365160 
11.617034 
19.925801 
120.686503 
20.891576 
10.486267 
29.675875 
14.970416 
11.617034 
15.279601 
26.598944 
14.573870 
25.402016 
15.156932 
16.312052 
16.672252 
15.460450 
16.848251 
9.878008 
17.243930 
13.927752 
10.002099 
12.107595 
21.769518 
11.796735 
13.576003 
9.374028 
6.940901 
12.822501 
12.044899 
8.211380 
12.000874 
10.643487 
9.468258 
11.956882 
12.190780 
13.797121 
2170.587621 
885.455244 
12.365160 
11.617034 
19.925801 
120.686503 
20.891576 
10.486267 
29.675875 
14.970416 
11.617034 
15.279601 
26.598944 
14.573870 
25.402016 
15.156932 
16.312052 
16.672252 
15.460450 
16.848251 
9.878008 
17.243930 
13.927752 
10.002099 
12.107595 
21.769518 
11.796735 
13.576003 
9.374028 
6.940901 
12.822501 
12.044899 
8.211380 
12.000874 
10.643487 
9.468258 
11.956882 
12.190780 
13.797121 
