2030.625786 
786.919546 
14.205377 
18.539450 
17.143919 
106.602469 
28.436854 
16.863849 
32.284273 
18.969124 
18.539450 
14.800796 
28.792815 
16.322529 
29.763781 
13.180343 
19.452765 
17.216087 
20.818993 
12.938018 
14.464678 
10.929451 
6.809700 
11.021997 
8.791554 
14.006943 
11.827555 
11.359937 
11.443862 
17.789081 
11.800369 
11.452670 
10.230976 
11.470830 
10.853381 
11.266695 
9.271161 
16.263917 
17.579351 
2030.625786 
786.919546 
14.205377 
18.539450 
17.143919 
106.602469 
28.436854 
16.863849 
32.284273 
18.969124 
18.539450 
14.800796 
28.792815 
16.322529 
29.763781 
13.180343 
19.452765 
17.216087 
20.818993 
12.938018 
14.464678 
10.929451 
6.809700 
11.021997 
8.791554 
14.006943 
11.827555 
11.359937 
11.443862 
17.789081 
11.800369 
11.452670 
10.230976 
11.470830 
10.853381 
11.266695 
9.271161 
16.263917 
17.579351 
2030.625786 
786.919546 
14.205377 
18.539450 
17.143919 
106.602469 
28.436854 
16.863849 
32.284273 
18.969124 
18.539450 
14.800796 
28.792815 
16.322529 
29.763781 
13.180343 
19.452765 
17.216087 
20.818993 
12.938018 
14.464678 
10.929451 
6.809700 
11.021997 
8.791554 
14.006943 
11.827555 
11.359937 
11.443862 
17.789081 
11.800369 
11.452670 
10.230976 
11.470830 
10.853381 
11.266695 
9.271161 
16.263917 
17.579351 
2030.625786 
786.919546 
14.205377 
18.539450 
17.143919 
106.602469 
28.436854 
16.863849 
32.284273 
18.969124 
18.539450 
14.800796 
28.792815 
16.322529 
29.763781 
13.180343 
19.452765 
17.216087 
20.818993 
12.938018 
14.464678 
10.929451 
6.809700 
11.021997 
8.791554 
14.006943 
11.827555 
11.359937 
11.443862 
17.789081 
11.800369 
11.452670 
10.230976 
11.470830 
10.853381 
11.266695 
9.271161 
16.263917 
17.579351 
2030.625786 
786.919546 
14.205377 
18.539450 
17.143919 
106.602469 
28.436854 
16.863849 
32.284273 
18.969124 
18.539450 
14.800796 
28.792815 
16.322529 
29.763781 
13.180343 
19.452765 
17.216087 
20.818993 
12.938018 
14.464678 
10.929451 
6.809700 
11.021997 
8.791554 
14.006943 
11.827555 
11.359937 
11.443862 
17.789081 
11.800369 
11.452670 
10.230976 
11.470830 
10.853381 
11.266695 
9.271161 
16.263917 
17.579351 
