2141.593420 
881.529765 
15.214593 
14.149236 
20.677719 
131.876119 
22.230541 
20.142468 
25.988998 
14.787713 
14.149236 
18.126984 
21.997739 
13.920397 
18.454073 
14.071125 
18.312605 
17.165916 
12.249816 
14.905205 
6.931237 
12.044975 
10.861004 
16.661594 
13.123538 
18.199802 
11.245019 
13.582898 
7.713981 
8.080141 
11.911467 
11.529829 
10.290678 
11.892565 
8.387771 
9.285229 
10.549374 
10.920267 
16.807686 
2141.593420 
881.529765 
15.214593 
14.149236 
20.677719 
131.876119 
22.230541 
20.142468 
25.988998 
14.787713 
14.149236 
18.126984 
21.997739 
13.920397 
18.454073 
14.071125 
18.312605 
17.165916 
12.249816 
14.905205 
6.931237 
12.044975 
10.861004 
16.661594 
13.123538 
18.199802 
11.245019 
13.582898 
7.713981 
8.080141 
11.911467 
11.529829 
10.290678 
11.892565 
8.387771 
9.285229 
10.549374 
10.920267 
16.807686 
2141.593420 
881.529765 
15.214593 
14.149236 
20.677719 
131.876119 
22.230541 
20.142468 
25.988998 
14.787713 
14.149236 
18.126984 
21.997739 
13.920397 
18.454073 
14.071125 
18.312605 
17.165916 
12.249816 
14.905205 
6.931237 
12.044975 
10.861004 
16.661594 
13.123538 
18.199802 
11.245019 
13.582898 
7.713981 
8.080141 
11.911467 
11.529829 
10.290678 
11.892565 
8.387771 
9.285229 
10.549374 
10.920267 
16.807686 
2141.593420 
881.529765 
15.214593 
14.149236 
20.677719 
131.876119 
22.230541 
20.142468 
25.988998 
14.787713 
14.149236 
18.126984 
21.997739 
13.920397 
18.454073 
14.071125 
18.312605 
17.165916 
12.249816 
14.905205 
6.931237 
12.044975 
10.861004 
16.661594 
13.123538 
18.199802 
11.245019 
13.582898 
7.713981 
8.080141 
11.911467 
11.529829 
10.290678 
11.892565 
8.387771 
9.285229 
10.549374 
10.920267 
16.807686 
2141.593420 
881.529765 
15.214593 
14.149236 
20.677719 
131.876119 
22.230541 
20.142468 
25.988998 
14.787713 
14.149236 
18.126984 
21.997739 
13.920397 
18.454073 
14.071125 
18.312605 
17.165916 
12.249816 
14.905205 
6.931237 
12.044975 
10.861004 
16.661594 
13.123538 
18.199802 
11.245019 
13.582898 
7.713981 
8.080141 
11.911467 
11.529829 
10.290678 
11.892565 
8.387771 
9.285229 
10.549374 
10.920267 
16.807686 
