2226.822183 
875.287230 
13.988603 
16.091810 
19.063794 
122.312459 
25.037633 
19.541094 
22.249914 
17.197650 
16.091810 
13.742375 
31.817867 
8.591719 
27.290154 
16.647370 
23.327107 
16.099678 
11.824474 
17.274136 
14.264102 
21.178242 
14.290578 
11.366420 
13.393845 
9.069505 
10.728266 
13.567042 
7.958795 
11.688025 
12.307330 
12.251432 
11.842007 
13.911481 
8.607129 
16.986353 
16.216160 
12.488294 
20.258234 
2226.822183 
875.287230 
13.988603 
16.091810 
19.063794 
122.312459 
25.037633 
19.541094 
22.249914 
17.197650 
16.091810 
13.742375 
31.817867 
8.591719 
27.290154 
16.647370 
23.327107 
16.099678 
11.824474 
17.274136 
14.264102 
21.178242 
14.290578 
11.366420 
13.393845 
9.069505 
10.728266 
13.567042 
7.958795 
11.688025 
12.307330 
12.251432 
11.842007 
13.911481 
8.607129 
16.986353 
16.216160 
12.488294 
20.258234 
2226.822183 
875.287230 
13.988603 
16.091810 
19.063794 
122.312459 
25.037633 
19.541094 
22.249914 
17.197650 
16.091810 
13.742375 
31.817867 
8.591719 
27.290154 
16.647370 
23.327107 
16.099678 
11.824474 
17.274136 
14.264102 
21.178242 
14.290578 
11.366420 
13.393845 
9.069505 
10.728266 
13.567042 
7.958795 
11.688025 
12.307330 
12.251432 
11.842007 
13.911481 
8.607129 
16.986353 
16.216160 
12.488294 
20.258234 
2226.822183 
875.287230 
13.988603 
16.091810 
19.063794 
122.312459 
25.037633 
19.541094 
22.249914 
17.197650 
16.091810 
13.742375 
31.817867 
8.591719 
27.290154 
16.647370 
23.327107 
16.099678 
11.824474 
17.274136 
14.264102 
21.178242 
14.290578 
11.366420 
13.393845 
9.069505 
10.728266 
13.567042 
7.958795 
11.688025 
12.307330 
12.251432 
11.842007 
13.911481 
8.607129 
16.986353 
16.216160 
12.488294 
20.258234 
2226.822183 
875.287230 
13.988603 
16.091810 
19.063794 
122.312459 
25.037633 
19.541094 
22.249914 
17.197650 
16.091810 
13.742375 
31.817867 
8.591719 
27.290154 
16.647370 
23.327107 
16.099678 
11.824474 
17.274136 
14.264102 
21.178242 
14.290578 
11.366420 
13.393845 
9.069505 
10.728266 
13.567042 
7.958795 
11.688025 
12.307330 
12.251432 
11.842007 
13.911481 
8.607129 
16.986353 
16.216160 
12.488294 
20.258234 
