2199.578158 
893.744540 
14.369011 
15.128295 
19.738996 
105.967800 
32.030708 
11.832673 
31.105109 
17.411273 
15.128295 
14.105722 
19.269835 
15.144823 
22.348358 
10.675509 
20.030461 
12.428491 
11.160814 
14.727125 
14.815763 
12.480540 
11.074293 
10.251616 
10.454790 
11.691208 
11.638142 
13.516227 
11.403404 
8.228397 
12.847719 
11.662402 
9.369709 
12.793269 
10.074857 
13.566450 
12.653017 
13.825467 
16.538252 
2199.578158 
893.744540 
14.369011 
15.128295 
19.738996 
105.967800 
32.030708 
11.832673 
31.105109 
17.411273 
15.128295 
14.105722 
19.269835 
15.144823 
22.348358 
10.675509 
20.030461 
12.428491 
11.160814 
14.727125 
14.815763 
12.480540 
11.074293 
10.251616 
10.454790 
11.691208 
11.638142 
13.516227 
11.403404 
8.228397 
12.847719 
11.662402 
9.369709 
12.793269 
10.074857 
13.566450 
12.653017 
13.825467 
16.538252 
2199.578158 
893.744540 
14.369011 
15.128295 
19.738996 
105.967800 
32.030708 
11.832673 
31.105109 
17.411273 
15.128295 
14.105722 
19.269835 
15.144823 
22.348358 
10.675509 
20.030461 
12.428491 
11.160814 
14.727125 
14.815763 
12.480540 
11.074293 
10.251616 
10.454790 
11.691208 
11.638142 
13.516227 
11.403404 
8.228397 
12.847719 
11.662402 
9.369709 
12.793269 
10.074857 
13.566450 
12.653017 
13.825467 
16.538252 
2199.578158 
893.744540 
14.369011 
15.128295 
19.738996 
105.967800 
32.030708 
11.832673 
31.105109 
17.411273 
15.128295 
14.105722 
19.269835 
15.144823 
22.348358 
10.675509 
20.030461 
12.428491 
11.160814 
14.727125 
14.815763 
12.480540 
11.074293 
10.251616 
10.454790 
11.691208 
11.638142 
13.516227 
11.403404 
8.228397 
12.847719 
11.662402 
9.369709 
12.793269 
10.074857 
13.566450 
12.653017 
13.825467 
16.538252 
2199.578158 
893.744540 
14.369011 
15.128295 
19.738996 
105.967800 
32.030708 
11.832673 
31.105109 
17.411273 
15.128295 
14.105722 
19.269835 
15.144823 
22.348358 
10.675509 
20.030461 
12.428491 
11.160814 
14.727125 
14.815763 
12.480540 
11.074293 
10.251616 
10.454790 
11.691208 
11.638142 
13.516227 
11.403404 
8.228397 
12.847719 
11.662402 
9.369709 
12.793269 
10.074857 
13.566450 
12.653017 
13.825467 
16.538252 
