2204.352939 
904.513024 
13.711762 
17.205080 
16.114415 
130.458192 
25.039321 
9.549799 
15.136443 
10.385573 
17.205080 
12.906818 
33.098280 
12.276410 
20.402127 
15.913701 
20.493812 
12.426633 
10.978354 
17.482638 
12.719735 
14.251275 
13.276852 
12.763807 
10.004384 
9.756196 
9.919602 
9.481455 
8.876075 
8.091288 
11.874771 
10.044496 
7.060163 
12.416626 
8.013192 
12.469560 
11.061330 
10.227862 
10.928099 
2204.352939 
904.513024 
13.711762 
17.205080 
16.114415 
130.458192 
25.039321 
9.549799 
15.136443 
10.385573 
17.205080 
12.906818 
33.098280 
12.276410 
20.402127 
15.913701 
20.493812 
12.426633 
10.978354 
17.482638 
12.719735 
14.251275 
13.276852 
12.763807 
10.004384 
9.756196 
9.919602 
9.481455 
8.876075 
8.091288 
11.874771 
10.044496 
7.060163 
12.416626 
8.013192 
12.469560 
11.061330 
10.227862 
10.928099 
2204.352939 
904.513024 
13.711762 
17.205080 
16.114415 
130.458192 
25.039321 
9.549799 
15.136443 
10.385573 
17.205080 
12.906818 
33.098280 
12.276410 
20.402127 
15.913701 
20.493812 
12.426633 
10.978354 
17.482638 
12.719735 
14.251275 
13.276852 
12.763807 
10.004384 
9.756196 
9.919602 
9.481455 
8.876075 
8.091288 
11.874771 
10.044496 
7.060163 
12.416626 
8.013192 
12.469560 
11.061330 
10.227862 
10.928099 
2204.352939 
904.513024 
13.711762 
17.205080 
16.114415 
130.458192 
25.039321 
9.549799 
15.136443 
10.385573 
17.205080 
12.906818 
33.098280 
12.276410 
20.402127 
15.913701 
20.493812 
12.426633 
10.978354 
17.482638 
12.719735 
14.251275 
13.276852 
12.763807 
10.004384 
9.756196 
9.919602 
9.481455 
8.876075 
8.091288 
11.874771 
10.044496 
7.060163 
12.416626 
8.013192 
12.469560 
11.061330 
10.227862 
10.928099 
2204.352939 
904.513024 
13.711762 
17.205080 
16.114415 
130.458192 
25.039321 
9.549799 
15.136443 
10.385573 
17.205080 
12.906818 
33.098280 
12.276410 
20.402127 
15.913701 
20.493812 
12.426633 
10.978354 
17.482638 
12.719735 
14.251275 
13.276852 
12.763807 
10.004384 
9.756196 
9.919602 
9.481455 
8.876075 
8.091288 
11.874771 
10.044496 
7.060163 
12.416626 
8.013192 
12.469560 
11.061330 
10.227862 
10.928099 
