2130.177872 
870.614890 
12.604802 
11.425559 
17.178377 
142.184650 
20.637612 
19.231020 
15.592970 
14.078577 
11.425559 
9.487064 
26.448702 
8.733626 
17.559229 
17.855691 
14.205374 
15.598488 
9.007323 
13.468820 
13.473826 
13.181526 
9.305908 
14.431154 
9.926073 
14.722170 
15.927968 
13.935535 
13.390481 
11.789278 
13.494835 
12.272047 
9.143152 
12.001148 
5.575241 
11.944948 
10.085798 
17.317918 
12.324082 
2130.177872 
870.614890 
12.604802 
11.425559 
17.178377 
142.184650 
20.637612 
19.231020 
15.592970 
14.078577 
11.425559 
9.487064 
26.448702 
8.733626 
17.559229 
17.855691 
14.205374 
15.598488 
9.007323 
13.468820 
13.473826 
13.181526 
9.305908 
14.431154 
9.926073 
14.722170 
15.927968 
13.935535 
13.390481 
11.789278 
13.494835 
12.272047 
9.143152 
12.001148 
5.575241 
11.944948 
10.085798 
17.317918 
12.324082 
2130.177872 
870.614890 
12.604802 
11.425559 
17.178377 
142.184650 
20.637612 
19.231020 
15.592970 
14.078577 
11.425559 
9.487064 
26.448702 
8.733626 
17.559229 
17.855691 
14.205374 
15.598488 
9.007323 
13.468820 
13.473826 
13.181526 
9.305908 
14.431154 
9.926073 
14.722170 
15.927968 
13.935535 
13.390481 
11.789278 
13.494835 
12.272047 
9.143152 
12.001148 
5.575241 
11.944948 
10.085798 
17.317918 
12.324082 
2130.177872 
870.614890 
12.604802 
11.425559 
17.178377 
142.184650 
20.637612 
19.231020 
15.592970 
14.078577 
11.425559 
9.487064 
26.448702 
8.733626 
17.559229 
17.855691 
14.205374 
15.598488 
9.007323 
13.468820 
13.473826 
13.181526 
9.305908 
14.431154 
9.926073 
14.722170 
15.927968 
13.935535 
13.390481 
11.789278 
13.494835 
12.272047 
9.143152 
12.001148 
5.575241 
11.944948 
10.085798 
17.317918 
12.324082 
2130.177872 
870.614890 
12.604802 
11.425559 
17.178377 
142.184650 
20.637612 
19.231020 
15.592970 
14.078577 
11.425559 
9.487064 
26.448702 
8.733626 
17.559229 
17.855691 
14.205374 
15.598488 
9.007323 
13.468820 
13.473826 
13.181526 
9.305908 
14.431154 
9.926073 
14.722170 
15.927968 
13.935535 
13.390481 
11.789278 
13.494835 
12.272047 
9.143152 
12.001148 
5.575241 
11.944948 
10.085798 
17.317918 
12.324082 
