2184.569696 
857.640792 
16.155753 
9.620354 
21.659435 
88.305650 
23.887302 
28.018894 
27.959433 
14.176958 
9.620354 
14.354897 
21.383502 
17.000680 
22.046240 
13.983556 
12.383450 
15.374470 
16.008771 
15.188715 
6.934850 
10.614145 
11.547391 
13.623618 
10.613027 
12.308520 
11.363278 
11.147175 
18.808277 
12.793497 
12.798825 
11.768572 
11.032708 
13.773277 
10.674901 
11.221346 
12.268128 
11.195834 
8.483026 
2096.985358 
824.555719 
14.377149 
16.490544 
19.322222 
132.626383 
26.089692 
17.050301 
18.988450 
18.618128 
16.490544 
17.090334 
23.758432 
8.860914 
21.803087 
16.685167 
21.137767 
16.971416 
12.434854 
15.346524 
15.399864 
9.578813 
13.863308 
13.666540 
10.538482 
12.117991 
11.090339 
14.507048 
10.180081 
11.262676 
13.491847 
12.523184 
14.168159 
11.903369 
9.564253 
12.518955 
12.470662 
13.562762 
13.820403 
2096.985358 
824.555719 
14.377149 
16.490544 
19.322222 
132.626383 
26.089692 
17.050301 
18.988450 
18.618128 
16.490544 
17.090334 
23.758432 
8.860914 
21.803087 
16.685167 
21.137767 
16.971416 
12.434854 
15.346524 
15.399864 
9.578813 
13.863308 
13.666540 
10.538482 
12.117991 
11.090339 
14.507048 
10.180081 
11.262676 
13.491847 
12.523184 
14.168159 
11.903369 
9.564253 
12.518955 
12.470662 
13.562762 
13.820403 
2096.985358 
824.555719 
14.377149 
16.490544 
19.322222 
132.626383 
26.089692 
17.050301 
18.988450 
18.618128 
16.490544 
17.090334 
23.758432 
8.860914 
21.803087 
16.685167 
21.137767 
16.971416 
12.434854 
15.346524 
15.399864 
9.578813 
13.863308 
13.666540 
10.538482 
12.117991 
11.090339 
14.507048 
10.180081 
11.262676 
13.491847 
12.523184 
14.168159 
11.903369 
9.564253 
12.518955 
12.470662 
13.562762 
13.820403 
2096.985358 
824.555719 
14.377149 
16.490544 
19.322222 
132.626383 
26.089692 
17.050301 
18.988450 
18.618128 
16.490544 
17.090334 
23.758432 
8.860914 
21.803087 
16.685167 
21.137767 
16.971416 
12.434854 
15.346524 
15.399864 
9.578813 
13.863308 
13.666540 
10.538482 
12.117991 
11.090339 
14.507048 
10.180081 
11.262676 
13.491847 
12.523184 
14.168159 
11.903369 
9.564253 
12.518955 
12.470662 
13.562762 
13.820403 
