2087.562267 
808.998954 
14.765738 
13.981424 
20.920457 
121.079621 
13.643116 
17.984297 
23.254917 
13.488632 
13.981424 
15.211468 
21.008983 
14.674346 
25.345198 
7.964483 
22.807712 
18.388432 
13.215905 
17.941176 
10.737674 
8.641000 
8.482288 
11.311784 
12.022171 
10.923896 
11.911604 
13.975691 
10.549894 
12.315654 
11.416425 
13.606461 
14.749768 
12.348985 
8.632599 
8.471682 
12.542114 
12.616156 
13.897535 
2087.562267 
808.998954 
14.765738 
13.981424 
20.920457 
121.079621 
13.643116 
17.984297 
23.254917 
13.488632 
13.981424 
15.211468 
21.008983 
14.674346 
25.345198 
7.964483 
22.807712 
18.388432 
13.215905 
17.941176 
10.737674 
8.641000 
8.482288 
11.311784 
12.022171 
10.923896 
11.911604 
13.975691 
10.549894 
12.315654 
11.416425 
13.606461 
14.749768 
12.348985 
8.632599 
8.471682 
12.542114 
12.616156 
13.897535 
2087.562267 
808.998954 
14.765738 
13.981424 
20.920457 
121.079621 
13.643116 
17.984297 
23.254917 
13.488632 
13.981424 
15.211468 
21.008983 
14.674346 
25.345198 
7.964483 
22.807712 
18.388432 
13.215905 
17.941176 
10.737674 
8.641000 
8.482288 
11.311784 
12.022171 
10.923896 
11.911604 
13.975691 
10.549894 
12.315654 
11.416425 
13.606461 
14.749768 
12.348985 
8.632599 
8.471682 
12.542114 
12.616156 
13.897535 
2087.562267 
808.998954 
14.765738 
13.981424 
20.920457 
121.079621 
13.643116 
17.984297 
23.254917 
13.488632 
13.981424 
15.211468 
21.008983 
14.674346 
25.345198 
7.964483 
22.807712 
18.388432 
13.215905 
17.941176 
10.737674 
8.641000 
8.482288 
11.311784 
12.022171 
10.923896 
11.911604 
13.975691 
10.549894 
12.315654 
11.416425 
13.606461 
14.749768 
12.348985 
8.632599 
8.471682 
12.542114 
12.616156 
13.897535 
2087.562267 
808.998954 
14.765738 
13.981424 
20.920457 
121.079621 
13.643116 
17.984297 
23.254917 
13.488632 
13.981424 
15.211468 
21.008983 
14.674346 
25.345198 
7.964483 
22.807712 
18.388432 
13.215905 
17.941176 
10.737674 
8.641000 
8.482288 
11.311784 
12.022171 
10.923896 
11.911604 
13.975691 
10.549894 
12.315654 
11.416425 
13.606461 
14.749768 
12.348985 
8.632599 
8.471682 
12.542114 
12.616156 
13.897535 
