2105.102120 
825.427101 
13.795621 
13.272290 
17.237667 
114.055254 
23.451631 
16.069097 
29.604140 
13.642927 
13.272290 
11.388718 
28.790550 
14.038977 
21.007694 
14.557219 
17.688204 
13.047800 
14.607196 
19.449799 
7.954578 
10.940764 
12.937230 
8.874460 
11.735042 
7.028425 
10.248219 
12.229299 
9.679107 
8.016236 
11.038773 
11.354987 
9.531556 
10.738404 
5.423054 
10.456730 
10.324334 
12.879056 
10.683167 
2105.102120 
825.427101 
13.795621 
13.272290 
17.237667 
114.055254 
23.451631 
16.069097 
29.604140 
13.642927 
13.272290 
11.388718 
28.790550 
14.038977 
21.007694 
14.557219 
17.688204 
13.047800 
14.607196 
19.449799 
7.954578 
10.940764 
12.937230 
8.874460 
11.735042 
7.028425 
10.248219 
12.229299 
9.679107 
8.016236 
11.038773 
11.354987 
9.531556 
10.738404 
5.423054 
10.456730 
10.324334 
12.879056 
10.683167 
2105.102120 
825.427101 
13.795621 
13.272290 
17.237667 
114.055254 
23.451631 
16.069097 
29.604140 
13.642927 
13.272290 
11.388718 
28.790550 
14.038977 
21.007694 
14.557219 
17.688204 
13.047800 
14.607196 
19.449799 
7.954578 
10.940764 
12.937230 
8.874460 
11.735042 
7.028425 
10.248219 
12.229299 
9.679107 
8.016236 
11.038773 
11.354987 
9.531556 
10.738404 
5.423054 
10.456730 
10.324334 
12.879056 
10.683167 
2105.102120 
825.427101 
13.795621 
13.272290 
17.237667 
114.055254 
23.451631 
16.069097 
29.604140 
13.642927 
13.272290 
11.388718 
28.790550 
14.038977 
21.007694 
14.557219 
17.688204 
13.047800 
14.607196 
19.449799 
7.954578 
10.940764 
12.937230 
8.874460 
11.735042 
7.028425 
10.248219 
12.229299 
9.679107 
8.016236 
11.038773 
11.354987 
9.531556 
10.738404 
5.423054 
10.456730 
10.324334 
12.879056 
10.683167 
2105.102120 
825.427101 
13.795621 
13.272290 
17.237667 
114.055254 
23.451631 
16.069097 
29.604140 
13.642927 
13.272290 
11.388718 
28.790550 
14.038977 
21.007694 
14.557219 
17.688204 
13.047800 
14.607196 
19.449799 
7.954578 
10.940764 
12.937230 
8.874460 
11.735042 
7.028425 
10.248219 
12.229299 
9.679107 
8.016236 
11.038773 
11.354987 
9.531556 
10.738404 
5.423054 
10.456730 
10.324334 
12.879056 
10.683167 
