2184.569696 
857.640792 
16.155753 
9.620354 
21.659435 
88.305650 
23.887302 
28.018894 
27.959433 
14.176958 
9.620354 
14.354897 
21.383502 
17.000680 
22.046240 
13.983556 
12.383450 
15.374470 
16.008771 
15.188715 
6.934850 
10.614145 
11.547391 
13.623618 
10.613027 
12.308520 
11.363278 
11.147175 
18.808277 
12.793497 
12.798825 
11.768572 
11.032708 
13.773277 
10.674901 
11.221346 
12.268128 
11.195834 
8.483026 
2184.569696 
857.640792 
16.155753 
9.620354 
21.659435 
88.305650 
23.887302 
28.018894 
27.959433 
14.176958 
9.620354 
14.354897 
21.383502 
17.000680 
22.046240 
13.983556 
12.383450 
15.374470 
16.008771 
15.188715 
6.934850 
10.614145 
11.547391 
13.623618 
10.613027 
12.308520 
11.363278 
11.147175 
18.808277 
12.793497 
12.798825 
11.768572 
11.032708 
13.773277 
10.674901 
11.221346 
12.268128 
11.195834 
8.483026 
2184.569696 
857.640792 
16.155753 
9.620354 
21.659435 
88.305650 
23.887302 
28.018894 
27.959433 
14.176958 
9.620354 
14.354897 
21.383502 
17.000680 
22.046240 
13.983556 
12.383450 
15.374470 
16.008771 
15.188715 
6.934850 
10.614145 
11.547391 
13.623618 
10.613027 
12.308520 
11.363278 
11.147175 
18.808277 
12.793497 
12.798825 
11.768572 
11.032708 
13.773277 
10.674901 
11.221346 
12.268128 
11.195834 
8.483026 
2184.569696 
857.640792 
16.155753 
9.620354 
21.659435 
88.305650 
23.887302 
28.018894 
27.959433 
14.176958 
9.620354 
14.354897 
21.383502 
17.000680 
22.046240 
13.983556 
12.383450 
15.374470 
16.008771 
15.188715 
6.934850 
10.614145 
11.547391 
13.623618 
10.613027 
12.308520 
11.363278 
11.147175 
18.808277 
12.793497 
12.798825 
11.768572 
11.032708 
13.773277 
10.674901 
11.221346 
12.268128 
11.195834 
8.483026 
2184.569696 
857.640792 
16.155753 
9.620354 
21.659435 
88.305650 
23.887302 
28.018894 
27.959433 
14.176958 
9.620354 
14.354897 
21.383502 
17.000680 
22.046240 
13.983556 
12.383450 
15.374470 
16.008771 
15.188715 
6.934850 
10.614145 
11.547391 
13.623618 
10.613027 
12.308520 
11.363278 
11.147175 
18.808277 
12.793497 
12.798825 
11.768572 
11.032708 
13.773277 
10.674901 
11.221346 
12.268128 
11.195834 
8.483026 
