2135.799549 
860.102335 
14.305070 
13.295191 
20.042958 
116.765575 
21.897406 
16.174900 
28.606568 
10.455631 
13.295191 
17.382520 
33.931577 
11.736893 
24.486528 
15.245217 
15.940691 
19.893133 
17.985603 
11.885841 
12.022159 
18.877457 
8.622289 
13.008386 
9.466241 
13.186584 
13.242235 
10.398757 
11.604711 
11.811870 
11.387469 
9.449779 
11.604432 
12.030054 
9.863274 
9.718489 
10.250512 
10.988074 
11.259807 
2135.799549 
860.102335 
14.305070 
13.295191 
20.042958 
116.765575 
21.897406 
16.174900 
28.606568 
10.455631 
13.295191 
17.382520 
33.931577 
11.736893 
24.486528 
15.245217 
15.940691 
19.893133 
17.985603 
11.885841 
12.022159 
18.877457 
8.622289 
13.008386 
9.466241 
13.186584 
13.242235 
10.398757 
11.604711 
11.811870 
11.387469 
9.449779 
11.604432 
12.030054 
9.863274 
9.718489 
10.250512 
10.988074 
11.259807 
2135.799549 
860.102335 
14.305070 
13.295191 
20.042958 
116.765575 
21.897406 
16.174900 
28.606568 
10.455631 
13.295191 
17.382520 
33.931577 
11.736893 
24.486528 
15.245217 
15.940691 
19.893133 
17.985603 
11.885841 
12.022159 
18.877457 
8.622289 
13.008386 
9.466241 
13.186584 
13.242235 
10.398757 
11.604711 
11.811870 
11.387469 
9.449779 
11.604432 
12.030054 
9.863274 
9.718489 
10.250512 
10.988074 
11.259807 
2135.799549 
860.102335 
14.305070 
13.295191 
20.042958 
116.765575 
21.897406 
16.174900 
28.606568 
10.455631 
13.295191 
17.382520 
33.931577 
11.736893 
24.486528 
15.245217 
15.940691 
19.893133 
17.985603 
11.885841 
12.022159 
18.877457 
8.622289 
13.008386 
9.466241 
13.186584 
13.242235 
10.398757 
11.604711 
11.811870 
11.387469 
9.449779 
11.604432 
12.030054 
9.863274 
9.718489 
10.250512 
10.988074 
11.259807 
2135.799549 
860.102335 
14.305070 
13.295191 
20.042958 
116.765575 
21.897406 
16.174900 
28.606568 
10.455631 
13.295191 
17.382520 
33.931577 
11.736893 
24.486528 
15.245217 
15.940691 
19.893133 
17.985603 
11.885841 
12.022159 
18.877457 
8.622289 
13.008386 
9.466241 
13.186584 
13.242235 
10.398757 
11.604711 
11.811870 
11.387469 
9.449779 
11.604432 
12.030054 
9.863274 
9.718489 
10.250512 
10.988074 
11.259807 
