2033.953776 
787.535589 
14.466456 
17.450800 
19.464725 
108.136384 
32.733822 
15.784143 
23.678910 
15.736032 
17.450800 
13.414465 
25.962468 
13.930607 
20.325058 
13.273563 
21.405745 
15.208566 
24.250002 
10.561560 
10.146679 
13.762561 
12.545636 
12.247549 
13.926378 
11.434058 
14.264991 
14.504574 
5.959859 
9.801152 
12.545855 
13.937877 
9.004071 
13.526781 
13.237831 
9.660245 
12.524686 
9.675036 
14.139287 
2033.953776 
787.535589 
14.466456 
17.450800 
19.464725 
108.136384 
32.733822 
15.784143 
23.678910 
15.736032 
17.450800 
13.414465 
25.962468 
13.930607 
20.325058 
13.273563 
21.405745 
15.208566 
24.250002 
10.561560 
10.146679 
13.762561 
12.545636 
12.247549 
13.926378 
11.434058 
14.264991 
14.504574 
5.959859 
9.801152 
12.545855 
13.937877 
9.004071 
13.526781 
13.237831 
9.660245 
12.524686 
9.675036 
14.139287 
2033.953776 
787.535589 
14.466456 
17.450800 
19.464725 
108.136384 
32.733822 
15.784143 
23.678910 
15.736032 
17.450800 
13.414465 
25.962468 
13.930607 
20.325058 
13.273563 
21.405745 
15.208566 
24.250002 
10.561560 
10.146679 
13.762561 
12.545636 
12.247549 
13.926378 
11.434058 
14.264991 
14.504574 
5.959859 
9.801152 
12.545855 
13.937877 
9.004071 
13.526781 
13.237831 
9.660245 
12.524686 
9.675036 
14.139287 
2033.953776 
787.535589 
14.466456 
17.450800 
19.464725 
108.136384 
32.733822 
15.784143 
23.678910 
15.736032 
17.450800 
13.414465 
25.962468 
13.930607 
20.325058 
13.273563 
21.405745 
15.208566 
24.250002 
10.561560 
10.146679 
13.762561 
12.545636 
12.247549 
13.926378 
11.434058 
14.264991 
14.504574 
5.959859 
9.801152 
12.545855 
13.937877 
9.004071 
13.526781 
13.237831 
9.660245 
12.524686 
9.675036 
14.139287 
2033.953776 
787.535589 
14.466456 
17.450800 
19.464725 
108.136384 
32.733822 
15.784143 
23.678910 
15.736032 
17.450800 
13.414465 
25.962468 
13.930607 
20.325058 
13.273563 
21.405745 
15.208566 
24.250002 
10.561560 
10.146679 
13.762561 
12.545636 
12.247549 
13.926378 
11.434058 
14.264991 
14.504574 
5.959859 
9.801152 
12.545855 
13.937877 
9.004071 
13.526781 
13.237831 
9.660245 
12.524686 
9.675036 
14.139287 
