2212.370117 
897.363748 
12.797089 
12.558899 
19.329711 
128.732215 
19.419192 
23.956623 
18.189035 
15.392682 
12.558899 
12.158716 
17.825824 
14.127360 
16.343648 
16.316972 
19.830063 
12.537828 
9.159919 
13.304093 
13.030402 
14.795203 
14.146011 
8.575283 
11.367672 
10.476016 
9.937412 
15.621843 
7.048456 
9.653051 
11.218133 
11.339100 
5.391787 
15.469596 
8.679853 
12.273655 
10.065208 
7.139892 
12.135927 
2212.370117 
897.363748 
12.797089 
12.558899 
19.329711 
128.732215 
19.419192 
23.956623 
18.189035 
15.392682 
12.558899 
12.158716 
17.825824 
14.127360 
16.343648 
16.316972 
19.830063 
12.537828 
9.159919 
13.304093 
13.030402 
14.795203 
14.146011 
8.575283 
11.367672 
10.476016 
9.937412 
15.621843 
7.048456 
9.653051 
11.218133 
11.339100 
5.391787 
15.469596 
8.679853 
12.273655 
10.065208 
7.139892 
12.135927 
2212.370117 
897.363748 
12.797089 
12.558899 
19.329711 
128.732215 
19.419192 
23.956623 
18.189035 
15.392682 
12.558899 
12.158716 
17.825824 
14.127360 
16.343648 
16.316972 
19.830063 
12.537828 
9.159919 
13.304093 
13.030402 
14.795203 
14.146011 
8.575283 
11.367672 
10.476016 
9.937412 
15.621843 
7.048456 
9.653051 
11.218133 
11.339100 
5.391787 
15.469596 
8.679853 
12.273655 
10.065208 
7.139892 
12.135927 
2212.370117 
897.363748 
12.797089 
12.558899 
19.329711 
128.732215 
19.419192 
23.956623 
18.189035 
15.392682 
12.558899 
12.158716 
17.825824 
14.127360 
16.343648 
16.316972 
19.830063 
12.537828 
9.159919 
13.304093 
13.030402 
14.795203 
14.146011 
8.575283 
11.367672 
10.476016 
9.937412 
15.621843 
7.048456 
9.653051 
11.218133 
11.339100 
5.391787 
15.469596 
8.679853 
12.273655 
10.065208 
7.139892 
12.135927 
2212.370117 
897.363748 
12.797089 
12.558899 
19.329711 
128.732215 
19.419192 
23.956623 
18.189035 
15.392682 
12.558899 
12.158716 
17.825824 
14.127360 
16.343648 
16.316972 
19.830063 
12.537828 
9.159919 
13.304093 
13.030402 
14.795203 
14.146011 
8.575283 
11.367672 
10.476016 
9.937412 
15.621843 
7.048456 
9.653051 
11.218133 
11.339100 
5.391787 
15.469596 
8.679853 
12.273655 
10.065208 
7.139892 
12.135927 
