2095.263454 
867.127397 
14.992542 
13.409895 
22.388577 
182.302071 
27.097091 
25.842775 
17.938220 
23.103154 
13.409895 
14.531157 
33.670194 
14.258494 
20.887354 
15.582490 
23.324131 
19.324602 
12.355205 
16.823720 
13.914680 
16.936303 
13.198339 
12.866837 
9.090767 
15.218430 
16.572264 
14.102735 
13.267047 
12.468602 
14.146982 
12.356729 
7.101319 
12.390571 
9.357210 
12.298633 
11.742511 
17.417439 
15.770888 
2095.263454 
867.127397 
14.992542 
13.409895 
22.388577 
182.302071 
27.097091 
25.842775 
17.938220 
23.103154 
13.409895 
14.531157 
33.670194 
14.258494 
20.887354 
15.582490 
23.324131 
19.324602 
12.355205 
16.823720 
13.914680 
16.936303 
13.198339 
12.866837 
9.090767 
15.218430 
16.572264 
14.102735 
13.267047 
12.468602 
14.146982 
12.356729 
7.101319 
12.390571 
9.357210 
12.298633 
11.742511 
17.417439 
15.770888 
2095.263454 
867.127397 
14.992542 
13.409895 
22.388577 
182.302071 
27.097091 
25.842775 
17.938220 
23.103154 
13.409895 
14.531157 
33.670194 
14.258494 
20.887354 
15.582490 
23.324131 
19.324602 
12.355205 
16.823720 
13.914680 
16.936303 
13.198339 
12.866837 
9.090767 
15.218430 
16.572264 
14.102735 
13.267047 
12.468602 
14.146982 
12.356729 
7.101319 
12.390571 
9.357210 
12.298633 
11.742511 
17.417439 
15.770888 
2095.263454 
867.127397 
14.992542 
13.409895 
22.388577 
182.302071 
27.097091 
25.842775 
17.938220 
23.103154 
13.409895 
14.531157 
33.670194 
14.258494 
20.887354 
15.582490 
23.324131 
19.324602 
12.355205 
16.823720 
13.914680 
16.936303 
13.198339 
12.866837 
9.090767 
15.218430 
16.572264 
14.102735 
13.267047 
12.468602 
14.146982 
12.356729 
7.101319 
12.390571 
9.357210 
12.298633 
11.742511 
17.417439 
15.770888 
2095.263454 
867.127397 
14.992542 
13.409895 
22.388577 
182.302071 
27.097091 
25.842775 
17.938220 
23.103154 
13.409895 
14.531157 
33.670194 
14.258494 
20.887354 
15.582490 
23.324131 
19.324602 
12.355205 
16.823720 
13.914680 
16.936303 
13.198339 
12.866837 
9.090767 
15.218430 
16.572264 
14.102735 
13.267047 
12.468602 
14.146982 
12.356729 
7.101319 
12.390571 
9.357210 
12.298633 
11.742511 
17.417439 
15.770888 
