2169.775844 
871.410831 
11.814493 
16.268114 
18.290116 
113.084445 
25.221734 
13.135614 
23.559185 
12.793376 
16.268114 
9.924465 
20.227269 
11.301515 
24.209801 
12.949756 
15.793475 
15.369889 
13.097924 
17.728660 
8.484525 
16.834728 
13.110920 
9.918261 
11.952679 
13.956005 
8.329896 
14.727083 
12.117958 
10.331394 
11.248194 
12.060974 
11.206260 
11.167293 
11.935708 
13.088822 
11.527095 
14.336839 
11.886394 
2169.775844 
871.410831 
11.814493 
16.268114 
18.290116 
113.084445 
25.221734 
13.135614 
23.559185 
12.793376 
16.268114 
9.924465 
20.227269 
11.301515 
24.209801 
12.949756 
15.793475 
15.369889 
13.097924 
17.728660 
8.484525 
16.834728 
13.110920 
9.918261 
11.952679 
13.956005 
8.329896 
14.727083 
12.117958 
10.331394 
11.248194 
12.060974 
11.206260 
11.167293 
11.935708 
13.088822 
11.527095 
14.336839 
11.886394 
2169.775844 
871.410831 
11.814493 
16.268114 
18.290116 
113.084445 
25.221734 
13.135614 
23.559185 
12.793376 
16.268114 
9.924465 
20.227269 
11.301515 
24.209801 
12.949756 
15.793475 
15.369889 
13.097924 
17.728660 
8.484525 
16.834728 
13.110920 
9.918261 
11.952679 
13.956005 
8.329896 
14.727083 
12.117958 
10.331394 
11.248194 
12.060974 
11.206260 
11.167293 
11.935708 
13.088822 
11.527095 
14.336839 
11.886394 
2169.775844 
871.410831 
11.814493 
16.268114 
18.290116 
113.084445 
25.221734 
13.135614 
23.559185 
12.793376 
16.268114 
9.924465 
20.227269 
11.301515 
24.209801 
12.949756 
15.793475 
15.369889 
13.097924 
17.728660 
8.484525 
16.834728 
13.110920 
9.918261 
11.952679 
13.956005 
8.329896 
14.727083 
12.117958 
10.331394 
11.248194 
12.060974 
11.206260 
11.167293 
11.935708 
13.088822 
11.527095 
14.336839 
11.886394 
2169.775844 
871.410831 
11.814493 
16.268114 
18.290116 
113.084445 
25.221734 
13.135614 
23.559185 
12.793376 
16.268114 
9.924465 
20.227269 
11.301515 
24.209801 
12.949756 
15.793475 
15.369889 
13.097924 
17.728660 
8.484525 
16.834728 
13.110920 
9.918261 
11.952679 
13.956005 
8.329896 
14.727083 
12.117958 
10.331394 
11.248194 
12.060974 
11.206260 
11.167293 
11.935708 
13.088822 
11.527095 
14.336839 
11.886394 
