2160.467237 
861.640889 
14.166580 
15.078990 
21.043538 
97.745612 
18.270981 
23.312471 
32.536000 
18.615410 
15.078990 
13.618799 
23.528283 
12.769432 
29.424899 
13.747817 
23.192640 
19.194447 
13.606771 
10.109025 
14.232339 
15.905385 
13.924087 
17.187320 
10.585318 
13.973750 
13.956124 
12.020405 
17.536480 
13.585586 
14.182911 
12.251689 
11.104246 
13.663127 
9.137387 
12.413163 
15.678531 
17.991874 
14.441432 
2160.467237 
861.640889 
14.166580 
15.078990 
21.043538 
97.745612 
18.270981 
23.312471 
32.536000 
18.615410 
15.078990 
13.618799 
23.528283 
12.769432 
29.424899 
13.747817 
23.192640 
19.194447 
13.606771 
10.109025 
14.232339 
15.905385 
13.924087 
17.187320 
10.585318 
13.973750 
13.956124 
12.020405 
17.536480 
13.585586 
14.182911 
12.251689 
11.104246 
13.663127 
9.137387 
12.413163 
15.678531 
17.991874 
14.441432 
2160.467237 
861.640889 
14.166580 
15.078990 
21.043538 
97.745612 
18.270981 
23.312471 
32.536000 
18.615410 
15.078990 
13.618799 
23.528283 
12.769432 
29.424899 
13.747817 
23.192640 
19.194447 
13.606771 
10.109025 
14.232339 
15.905385 
13.924087 
17.187320 
10.585318 
13.973750 
13.956124 
12.020405 
17.536480 
13.585586 
14.182911 
12.251689 
11.104246 
13.663127 
9.137387 
12.413163 
15.678531 
17.991874 
14.441432 
2160.467237 
861.640889 
14.166580 
15.078990 
21.043538 
97.745612 
18.270981 
23.312471 
32.536000 
18.615410 
15.078990 
13.618799 
23.528283 
12.769432 
29.424899 
13.747817 
23.192640 
19.194447 
13.606771 
10.109025 
14.232339 
15.905385 
13.924087 
17.187320 
10.585318 
13.973750 
13.956124 
12.020405 
17.536480 
13.585586 
14.182911 
12.251689 
11.104246 
13.663127 
9.137387 
12.413163 
15.678531 
17.991874 
14.441432 
2160.467237 
861.640889 
14.166580 
15.078990 
21.043538 
97.745612 
18.270981 
23.312471 
32.536000 
18.615410 
15.078990 
13.618799 
23.528283 
12.769432 
29.424899 
13.747817 
23.192640 
19.194447 
13.606771 
10.109025 
14.232339 
15.905385 
13.924087 
17.187320 
10.585318 
13.973750 
13.956124 
12.020405 
17.536480 
13.585586 
14.182911 
12.251689 
11.104246 
13.663127 
9.137387 
12.413163 
15.678531 
17.991874 
14.441432 
