1992.278174 
805.748239 
15.341134 
16.081770 
16.889137 
112.853815 
24.406486 
12.562146 
23.839807 
15.449025 
16.081770 
16.460781 
25.611172 
21.853078 
16.968044 
13.564994 
18.779505 
22.926667 
20.283818 
14.596458 
13.785937 
21.638049 
12.438572 
13.695936 
18.652785 
16.490271 
21.163414 
17.229018 
32.679782 
44.086574 
26.108067 
27.921244 
30.242544 
14.652076 
18.152175 
9.938153 
12.731114 
29.386050 
25.019505 
1992.278174 
805.748239 
15.341134 
16.081770 
16.889137 
112.853815 
24.406486 
12.562146 
23.839807 
15.449025 
16.081770 
16.460781 
25.611172 
21.853078 
16.968044 
13.564994 
18.779505 
22.926667 
20.283818 
14.596458 
13.785937 
21.638049 
12.438572 
13.695936 
18.652785 
16.490271 
21.163414 
17.229018 
32.679782 
44.086574 
26.108067 
27.921244 
30.242544 
14.652076 
18.152175 
9.938153 
12.731114 
29.386050 
25.019505 
1992.278174 
805.748239 
15.341134 
16.081770 
16.889137 
112.853815 
24.406486 
12.562146 
23.839807 
15.449025 
16.081770 
16.460781 
25.611172 
21.853078 
16.968044 
13.564994 
18.779505 
22.926667 
20.283818 
14.596458 
13.785937 
21.638049 
12.438572 
13.695936 
18.652785 
16.490271 
21.163414 
17.229018 
32.679782 
44.086574 
26.108067 
27.921244 
30.242544 
14.652076 
18.152175 
9.938153 
12.731114 
29.386050 
25.019505 
1992.278174 
805.748239 
15.341134 
16.081770 
16.889137 
112.853815 
24.406486 
12.562146 
23.839807 
15.449025 
16.081770 
16.460781 
25.611172 
21.853078 
16.968044 
13.564994 
18.779505 
22.926667 
20.283818 
14.596458 
13.785937 
21.638049 
12.438572 
13.695936 
18.652785 
16.490271 
21.163414 
17.229018 
32.679782 
44.086574 
26.108067 
27.921244 
30.242544 
14.652076 
18.152175 
9.938153 
12.731114 
29.386050 
25.019505 
1992.278174 
805.748239 
15.341134 
16.081770 
16.889137 
112.853815 
24.406486 
12.562146 
23.839807 
15.449025 
16.081770 
16.460781 
25.611172 
21.853078 
16.968044 
13.564994 
18.779505 
22.926667 
20.283818 
14.596458 
13.785937 
21.638049 
12.438572 
13.695936 
18.652785 
16.490271 
21.163414 
17.229018 
32.679782 
44.086574 
26.108067 
27.921244 
30.242544 
14.652076 
18.152175 
9.938153 
12.731114 
29.386050 
25.019505 
