2025.323234 
823.952512 
14.598673 
16.429477 
16.427750 
93.051648 
20.625584 
15.161431 
19.682824 
10.942698 
16.429477 
8.237151 
39.491567 
16.391746 
13.174254 
16.080077 
14.134690 
17.910481 
9.541604 
6.835686 
9.476629 
12.306225 
15.194646 
13.937028 
10.912523 
19.784128 
30.159414 
28.174711 
31.851194 
25.619778 
30.162415 
28.531454 
30.500590 
15.392288 
12.004268 
11.673252 
12.099527 
33.286068 
21.277143 
2025.323234 
823.952512 
14.598673 
16.429477 
16.427750 
93.051648 
20.625584 
15.161431 
19.682824 
10.942698 
16.429477 
8.237151 
39.491567 
16.391746 
13.174254 
16.080077 
14.134690 
17.910481 
9.541604 
6.835686 
9.476629 
12.306225 
15.194646 
13.937028 
10.912523 
19.784128 
30.159414 
28.174711 
31.851194 
25.619778 
30.162415 
28.531454 
30.500590 
15.392288 
12.004268 
11.673252 
12.099527 
33.286068 
21.277143 
2025.323234 
823.952512 
14.598673 
16.429477 
16.427750 
93.051648 
20.625584 
15.161431 
19.682824 
10.942698 
16.429477 
8.237151 
39.491567 
16.391746 
13.174254 
16.080077 
14.134690 
17.910481 
9.541604 
6.835686 
9.476629 
12.306225 
15.194646 
13.937028 
10.912523 
19.784128 
30.159414 
28.174711 
31.851194 
25.619778 
30.162415 
28.531454 
30.500590 
15.392288 
12.004268 
11.673252 
12.099527 
33.286068 
21.277143 
2025.323234 
823.952512 
14.598673 
16.429477 
16.427750 
93.051648 
20.625584 
15.161431 
19.682824 
10.942698 
16.429477 
8.237151 
39.491567 
16.391746 
13.174254 
16.080077 
14.134690 
17.910481 
9.541604 
6.835686 
9.476629 
12.306225 
15.194646 
13.937028 
10.912523 
19.784128 
30.159414 
28.174711 
31.851194 
25.619778 
30.162415 
28.531454 
30.500590 
15.392288 
12.004268 
11.673252 
12.099527 
33.286068 
21.277143 
2025.323234 
823.952512 
14.598673 
16.429477 
16.427750 
93.051648 
20.625584 
15.161431 
19.682824 
10.942698 
16.429477 
8.237151 
39.491567 
16.391746 
13.174254 
16.080077 
14.134690 
17.910481 
9.541604 
6.835686 
9.476629 
12.306225 
15.194646 
13.937028 
10.912523 
19.784128 
30.159414 
28.174711 
31.851194 
25.619778 
30.162415 
28.531454 
30.500590 
15.392288 
12.004268 
11.673252 
12.099527 
33.286068 
21.277143 
