2017.868841 
823.200284 
15.708096 
15.876294 
17.197548 
82.715670 
21.654930 
16.090204 
24.290328 
12.789505 
15.876294 
12.453376 
43.408136 
15.002703 
15.094304 
20.233303 
21.311469 
20.946632 
19.991663 
13.825598 
11.534939 
11.361001 
17.428621 
15.723238 
12.429073 
16.675006 
17.764270 
12.537060 
61.276987 
30.216832 
24.707899 
26.298088 
60.959003 
14.782456 
27.095003 
11.350594 
11.871195 
52.068798 
29.847854 
2017.868841 
823.200284 
15.708096 
15.876294 
17.197548 
82.715670 
21.654930 
16.090204 
24.290328 
12.789505 
15.876294 
12.453376 
43.408136 
15.002703 
15.094304 
20.233303 
21.311469 
20.946632 
19.991663 
13.825598 
11.534939 
11.361001 
17.428621 
15.723238 
12.429073 
16.675006 
17.764270 
12.537060 
61.276987 
30.216832 
24.707899 
26.298088 
60.959003 
14.782456 
27.095003 
11.350594 
11.871195 
52.068798 
29.847854 
2017.868841 
823.200284 
15.708096 
15.876294 
17.197548 
82.715670 
21.654930 
16.090204 
24.290328 
12.789505 
15.876294 
12.453376 
43.408136 
15.002703 
15.094304 
20.233303 
21.311469 
20.946632 
19.991663 
13.825598 
11.534939 
11.361001 
17.428621 
15.723238 
12.429073 
16.675006 
17.764270 
12.537060 
61.276987 
30.216832 
24.707899 
26.298088 
60.959003 
14.782456 
27.095003 
11.350594 
11.871195 
52.068798 
29.847854 
2017.868841 
823.200284 
15.708096 
15.876294 
17.197548 
82.715670 
21.654930 
16.090204 
24.290328 
12.789505 
15.876294 
12.453376 
43.408136 
15.002703 
15.094304 
20.233303 
21.311469 
20.946632 
19.991663 
13.825598 
11.534939 
11.361001 
17.428621 
15.723238 
12.429073 
16.675006 
17.764270 
12.537060 
61.276987 
30.216832 
24.707899 
26.298088 
60.959003 
14.782456 
27.095003 
11.350594 
11.871195 
52.068798 
29.847854 
2017.868841 
823.200284 
15.708096 
15.876294 
17.197548 
82.715670 
21.654930 
16.090204 
24.290328 
12.789505 
15.876294 
12.453376 
43.408136 
15.002703 
15.094304 
20.233303 
21.311469 
20.946632 
19.991663 
13.825598 
11.534939 
11.361001 
17.428621 
15.723238 
12.429073 
16.675006 
17.764270 
12.537060 
61.276987 
30.216832 
24.707899 
26.298088 
60.959003 
14.782456 
27.095003 
11.350594 
11.871195 
52.068798 
29.847854 
