2018.066761 
811.204284 
15.285342 
18.162704 
18.423627 
120.706331 
23.162911 
23.041370 
26.405151 
12.775850 
18.162704 
19.594824 
31.605394 
12.629797 
16.497813 
14.395892 
26.694917 
18.403891 
12.897499 
14.318889 
12.106199 
12.402999 
14.969935 
15.409400 
12.010664 
15.686213 
20.835023 
15.238788 
38.635596 
24.156645 
26.247893 
30.316164 
29.613135 
15.264592 
24.629472 
16.698066 
12.745271 
28.130849 
29.793273 
2018.066761 
811.204284 
15.285342 
18.162704 
18.423627 
120.706331 
23.162911 
23.041370 
26.405151 
12.775850 
18.162704 
19.594824 
31.605394 
12.629797 
16.497813 
14.395892 
26.694917 
18.403891 
12.897499 
14.318889 
12.106199 
12.402999 
14.969935 
15.409400 
12.010664 
15.686213 
20.835023 
15.238788 
38.635596 
24.156645 
26.247893 
30.316164 
29.613135 
15.264592 
24.629472 
16.698066 
12.745271 
28.130849 
29.793273 
2018.066761 
811.204284 
15.285342 
18.162704 
18.423627 
120.706331 
23.162911 
23.041370 
26.405151 
12.775850 
18.162704 
19.594824 
31.605394 
12.629797 
16.497813 
14.395892 
26.694917 
18.403891 
12.897499 
14.318889 
12.106199 
12.402999 
14.969935 
15.409400 
12.010664 
15.686213 
20.835023 
15.238788 
38.635596 
24.156645 
26.247893 
30.316164 
29.613135 
15.264592 
24.629472 
16.698066 
12.745271 
28.130849 
29.793273 
2018.066761 
811.204284 
15.285342 
18.162704 
18.423627 
120.706331 
23.162911 
23.041370 
26.405151 
12.775850 
18.162704 
19.594824 
31.605394 
12.629797 
16.497813 
14.395892 
26.694917 
18.403891 
12.897499 
14.318889 
12.106199 
12.402999 
14.969935 
15.409400 
12.010664 
15.686213 
20.835023 
15.238788 
38.635596 
24.156645 
26.247893 
30.316164 
29.613135 
15.264592 
24.629472 
16.698066 
12.745271 
28.130849 
29.793273 
2018.066761 
811.204284 
15.285342 
18.162704 
18.423627 
120.706331 
23.162911 
23.041370 
26.405151 
12.775850 
18.162704 
19.594824 
31.605394 
12.629797 
16.497813 
14.395892 
26.694917 
18.403891 
12.897499 
14.318889 
12.106199 
12.402999 
14.969935 
15.409400 
12.010664 
15.686213 
20.835023 
15.238788 
38.635596 
24.156645 
26.247893 
30.316164 
29.613135 
15.264592 
24.629472 
16.698066 
12.745271 
28.130849 
29.793273 
