2000.983282 
790.453834 
14.331989 
13.502593 
15.053688 
122.194540 
21.273656 
13.008642 
16.966184 
11.219050 
13.502593 
16.102932 
46.349845 
12.569737 
15.631698 
19.319132 
27.710027 
30.346753 
15.544827 
13.078274 
12.988222 
17.445490 
19.378724 
8.948836 
11.737745 
15.917496 
17.606199 
32.662428 
21.331674 
29.541161 
35.371752 
25.524536 
23.906141 
15.356530 
16.301060 
7.669969 
8.428181 
22.204344 
23.083679 
2000.983282 
790.453834 
14.331989 
13.502593 
15.053688 
122.194540 
21.273656 
13.008642 
16.966184 
11.219050 
13.502593 
16.102932 
46.349845 
12.569737 
15.631698 
19.319132 
27.710027 
30.346753 
15.544827 
13.078274 
12.988222 
17.445490 
19.378724 
8.948836 
11.737745 
15.917496 
17.606199 
32.662428 
21.331674 
29.541161 
35.371752 
25.524536 
23.906141 
15.356530 
16.301060 
7.669969 
8.428181 
22.204344 
23.083679 
2000.983282 
790.453834 
14.331989 
13.502593 
15.053688 
122.194540 
21.273656 
13.008642 
16.966184 
11.219050 
13.502593 
16.102932 
46.349845 
12.569737 
15.631698 
19.319132 
27.710027 
30.346753 
15.544827 
13.078274 
12.988222 
17.445490 
19.378724 
8.948836 
11.737745 
15.917496 
17.606199 
32.662428 
21.331674 
29.541161 
35.371752 
25.524536 
23.906141 
15.356530 
16.301060 
7.669969 
8.428181 
22.204344 
23.083679 
2000.983282 
790.453834 
14.331989 
13.502593 
15.053688 
122.194540 
21.273656 
13.008642 
16.966184 
11.219050 
13.502593 
16.102932 
46.349845 
12.569737 
15.631698 
19.319132 
27.710027 
30.346753 
15.544827 
13.078274 
12.988222 
17.445490 
19.378724 
8.948836 
11.737745 
15.917496 
17.606199 
32.662428 
21.331674 
29.541161 
35.371752 
25.524536 
23.906141 
15.356530 
16.301060 
7.669969 
8.428181 
22.204344 
23.083679 
2000.983282 
790.453834 
14.331989 
13.502593 
15.053688 
122.194540 
21.273656 
13.008642 
16.966184 
11.219050 
13.502593 
16.102932 
46.349845 
12.569737 
15.631698 
19.319132 
27.710027 
30.346753 
15.544827 
13.078274 
12.988222 
17.445490 
19.378724 
8.948836 
11.737745 
15.917496 
17.606199 
32.662428 
21.331674 
29.541161 
35.371752 
25.524536 
23.906141 
15.356530 
16.301060 
7.669969 
8.428181 
22.204344 
23.083679 
