2010.792319 
821.602341 
15.938302 
13.198856 
16.834183 
66.017166 
26.907645 
25.235509 
27.421622 
11.526316 
13.198856 
11.870308 
35.742236 
16.316413 
20.447459 
19.414751 
18.472191 
14.053899 
15.791432 
9.957274 
11.174677 
14.406695 
12.875511 
12.541901 
13.433667 
17.996639 
37.696496 
21.553510 
16.065303 
35.016839 
26.530211 
24.730424 
22.225468 
17.370691 
17.824393 
12.397821 
15.273933 
27.714209 
25.278930 
2010.792319 
821.602341 
15.938302 
13.198856 
16.834183 
66.017166 
26.907645 
25.235509 
27.421622 
11.526316 
13.198856 
11.870308 
35.742236 
16.316413 
20.447459 
19.414751 
18.472191 
14.053899 
15.791432 
9.957274 
11.174677 
14.406695 
12.875511 
12.541901 
13.433667 
17.996639 
37.696496 
21.553510 
16.065303 
35.016839 
26.530211 
24.730424 
22.225468 
17.370691 
17.824393 
12.397821 
15.273933 
27.714209 
25.278930 
2010.792319 
821.602341 
15.938302 
13.198856 
16.834183 
66.017166 
26.907645 
25.235509 
27.421622 
11.526316 
13.198856 
11.870308 
35.742236 
16.316413 
20.447459 
19.414751 
18.472191 
14.053899 
15.791432 
9.957274 
11.174677 
14.406695 
12.875511 
12.541901 
13.433667 
17.996639 
37.696496 
21.553510 
16.065303 
35.016839 
26.530211 
24.730424 
22.225468 
17.370691 
17.824393 
12.397821 
15.273933 
27.714209 
25.278930 
2010.792319 
821.602341 
15.938302 
13.198856 
16.834183 
66.017166 
26.907645 
25.235509 
27.421622 
11.526316 
13.198856 
11.870308 
35.742236 
16.316413 
20.447459 
19.414751 
18.472191 
14.053899 
15.791432 
9.957274 
11.174677 
14.406695 
12.875511 
12.541901 
13.433667 
17.996639 
37.696496 
21.553510 
16.065303 
35.016839 
26.530211 
24.730424 
22.225468 
17.370691 
17.824393 
12.397821 
15.273933 
27.714209 
25.278930 
2010.792319 
821.602341 
15.938302 
13.198856 
16.834183 
66.017166 
26.907645 
25.235509 
27.421622 
11.526316 
13.198856 
11.870308 
35.742236 
16.316413 
20.447459 
19.414751 
18.472191 
14.053899 
15.791432 
9.957274 
11.174677 
14.406695 
12.875511 
12.541901 
13.433667 
17.996639 
37.696496 
21.553510 
16.065303 
35.016839 
26.530211 
24.730424 
22.225468 
17.370691 
17.824393 
12.397821 
15.273933 
27.714209 
25.278930 
