2038.982270 
814.397968 
15.288806 
14.276813 
17.361334 
100.099620 
19.248285 
14.534130 
27.664136 
10.869789 
14.276813 
15.466523 
32.683245 
16.309096 
15.834630 
16.417424 
17.432549 
19.728319 
15.143976 
16.717843 
16.252327 
16.769977 
14.276946 
15.780292 
14.667975 
11.782290 
27.482841 
25.757029 
19.725880 
14.176409 
21.388125 
26.186894 
26.229225 
15.402157 
10.667767 
16.205491 
14.492378 
30.694250 
18.421925 
2038.982270 
814.397968 
15.288806 
14.276813 
17.361334 
100.099620 
19.248285 
14.534130 
27.664136 
10.869789 
14.276813 
15.466523 
32.683245 
16.309096 
15.834630 
16.417424 
17.432549 
19.728319 
15.143976 
16.717843 
16.252327 
16.769977 
14.276946 
15.780292 
14.667975 
11.782290 
27.482841 
25.757029 
19.725880 
14.176409 
21.388125 
26.186894 
26.229225 
15.402157 
10.667767 
16.205491 
14.492378 
30.694250 
18.421925 
2038.982270 
814.397968 
15.288806 
14.276813 
17.361334 
100.099620 
19.248285 
14.534130 
27.664136 
10.869789 
14.276813 
15.466523 
32.683245 
16.309096 
15.834630 
16.417424 
17.432549 
19.728319 
15.143976 
16.717843 
16.252327 
16.769977 
14.276946 
15.780292 
14.667975 
11.782290 
27.482841 
25.757029 
19.725880 
14.176409 
21.388125 
26.186894 
26.229225 
15.402157 
10.667767 
16.205491 
14.492378 
30.694250 
18.421925 
2038.982270 
814.397968 
15.288806 
14.276813 
17.361334 
100.099620 
19.248285 
14.534130 
27.664136 
10.869789 
14.276813 
15.466523 
32.683245 
16.309096 
15.834630 
16.417424 
17.432549 
19.728319 
15.143976 
16.717843 
16.252327 
16.769977 
14.276946 
15.780292 
14.667975 
11.782290 
27.482841 
25.757029 
19.725880 
14.176409 
21.388125 
26.186894 
26.229225 
15.402157 
10.667767 
16.205491 
14.492378 
30.694250 
18.421925 
2038.982270 
814.397968 
15.288806 
14.276813 
17.361334 
100.099620 
19.248285 
14.534130 
27.664136 
10.869789 
14.276813 
15.466523 
32.683245 
16.309096 
15.834630 
16.417424 
17.432549 
19.728319 
15.143976 
16.717843 
16.252327 
16.769977 
14.276946 
15.780292 
14.667975 
11.782290 
27.482841 
25.757029 
19.725880 
14.176409 
21.388125 
26.186894 
26.229225 
15.402157 
10.667767 
16.205491 
14.492378 
30.694250 
18.421925 
