2032.452164 
823.951647 
13.836845 
14.262774 
18.025809 
72.043217 
26.272101 
15.199766 
18.158769 
11.229579 
14.262774 
20.168321 
37.823620 
15.113197 
19.930396 
12.869221 
21.358067 
12.884990 
16.267281 
11.322257 
10.868889 
10.835280 
16.249256 
14.860457 
12.937897 
10.680572 
29.221526 
13.603785 
29.508176 
13.784301 
23.404499 
33.185452 
14.916729 
13.258584 
14.640798 
12.772656 
11.562426 
14.306714 
27.185086 
2032.452164 
823.951647 
13.836845 
14.262774 
18.025809 
72.043217 
26.272101 
15.199766 
18.158769 
11.229579 
14.262774 
20.168321 
37.823620 
15.113197 
19.930396 
12.869221 
21.358067 
12.884990 
16.267281 
11.322257 
10.868889 
10.835280 
16.249256 
14.860457 
12.937897 
10.680572 
29.221526 
13.603785 
29.508176 
13.784301 
23.404499 
33.185452 
14.916729 
13.258584 
14.640798 
12.772656 
11.562426 
14.306714 
27.185086 
2032.452164 
823.951647 
13.836845 
14.262774 
18.025809 
72.043217 
26.272101 
15.199766 
18.158769 
11.229579 
14.262774 
20.168321 
37.823620 
15.113197 
19.930396 
12.869221 
21.358067 
12.884990 
16.267281 
11.322257 
10.868889 
10.835280 
16.249256 
14.860457 
12.937897 
10.680572 
29.221526 
13.603785 
29.508176 
13.784301 
23.404499 
33.185452 
14.916729 
13.258584 
14.640798 
12.772656 
11.562426 
14.306714 
27.185086 
2032.452164 
823.951647 
13.836845 
14.262774 
18.025809 
72.043217 
26.272101 
15.199766 
18.158769 
11.229579 
14.262774 
20.168321 
37.823620 
15.113197 
19.930396 
12.869221 
21.358067 
12.884990 
16.267281 
11.322257 
10.868889 
10.835280 
16.249256 
14.860457 
12.937897 
10.680572 
29.221526 
13.603785 
29.508176 
13.784301 
23.404499 
33.185452 
14.916729 
13.258584 
14.640798 
12.772656 
11.562426 
14.306714 
27.185086 
2032.452164 
823.951647 
13.836845 
14.262774 
18.025809 
72.043217 
26.272101 
15.199766 
18.158769 
11.229579 
14.262774 
20.168321 
37.823620 
15.113197 
19.930396 
12.869221 
21.358067 
12.884990 
16.267281 
11.322257 
10.868889 
10.835280 
16.249256 
14.860457 
12.937897 
10.680572 
29.221526 
13.603785 
29.508176 
13.784301 
23.404499 
33.185452 
14.916729 
13.258584 
14.640798 
12.772656 
11.562426 
14.306714 
27.185086 
