2051.091246 
812.957917 
17.341889 
22.266343 
18.236752 
142.480194 
24.030470 
27.678399 
16.775054 
16.557929 
22.266343 
23.716308 
40.419442 
18.731608 
16.009798 
20.713630 
31.269056 
22.031234 
19.691783 
20.614437 
13.007264 
18.995034 
15.472929 
21.498272 
11.515669 
13.946685 
23.826271 
16.187864 
26.274858 
36.846180 
27.828365 
39.008488 
18.820370 
17.393499 
25.206456 
13.895983 
14.259398 
23.682533 
28.443001 
2051.091246 
812.957917 
17.341889 
22.266343 
18.236752 
142.480194 
24.030470 
27.678399 
16.775054 
16.557929 
22.266343 
23.716308 
40.419442 
18.731608 
16.009798 
20.713630 
31.269056 
22.031234 
19.691783 
20.614437 
13.007264 
18.995034 
15.472929 
21.498272 
11.515669 
13.946685 
23.826271 
16.187864 
26.274858 
36.846180 
27.828365 
39.008488 
18.820370 
17.393499 
25.206456 
13.895983 
14.259398 
23.682533 
28.443001 
2051.091246 
812.957917 
17.341889 
22.266343 
18.236752 
142.480194 
24.030470 
27.678399 
16.775054 
16.557929 
22.266343 
23.716308 
40.419442 
18.731608 
16.009798 
20.713630 
31.269056 
22.031234 
19.691783 
20.614437 
13.007264 
18.995034 
15.472929 
21.498272 
11.515669 
13.946685 
23.826271 
16.187864 
26.274858 
36.846180 
27.828365 
39.008488 
18.820370 
17.393499 
25.206456 
13.895983 
14.259398 
23.682533 
28.443001 
2051.091246 
812.957917 
17.341889 
22.266343 
18.236752 
142.480194 
24.030470 
27.678399 
16.775054 
16.557929 
22.266343 
23.716308 
40.419442 
18.731608 
16.009798 
20.713630 
31.269056 
22.031234 
19.691783 
20.614437 
13.007264 
18.995034 
15.472929 
21.498272 
11.515669 
13.946685 
23.826271 
16.187864 
26.274858 
36.846180 
27.828365 
39.008488 
18.820370 
17.393499 
25.206456 
13.895983 
14.259398 
23.682533 
28.443001 
2051.091246 
812.957917 
17.341889 
22.266343 
18.236752 
142.480194 
24.030470 
27.678399 
16.775054 
16.557929 
22.266343 
23.716308 
40.419442 
18.731608 
16.009798 
20.713630 
31.269056 
22.031234 
19.691783 
20.614437 
13.007264 
18.995034 
15.472929 
21.498272 
11.515669 
13.946685 
23.826271 
16.187864 
26.274858 
36.846180 
27.828365 
39.008488 
18.820370 
17.393499 
25.206456 
13.895983 
14.259398 
23.682533 
28.443001 
