2069.661831 
827.124446 
15.487549 
15.330947 
15.565991 
128.248242 
25.363671 
16.036900 
20.984682 
9.576930 
15.330947 
17.375447 
31.939090 
17.587928 
13.771171 
17.909882 
18.080339 
20.164857 
14.442376 
14.269585 
10.100448 
12.014910 
17.486633 
11.755992 
8.721293 
26.943953 
20.381500 
11.959410 
28.256015 
12.681976 
15.363057 
36.598525 
40.152491 
15.664353 
11.845566 
24.445796 
18.558227 
27.258989 
27.292908 
2069.661831 
827.124446 
15.487549 
15.330947 
15.565991 
128.248242 
25.363671 
16.036900 
20.984682 
9.576930 
15.330947 
17.375447 
31.939090 
17.587928 
13.771171 
17.909882 
18.080339 
20.164857 
14.442376 
14.269585 
10.100448 
12.014910 
17.486633 
11.755992 
8.721293 
26.943953 
20.381500 
11.959410 
28.256015 
12.681976 
15.363057 
36.598525 
40.152491 
15.664353 
11.845566 
24.445796 
18.558227 
27.258989 
27.292908 
2069.661831 
827.124446 
15.487549 
15.330947 
15.565991 
128.248242 
25.363671 
16.036900 
20.984682 
9.576930 
15.330947 
17.375447 
31.939090 
17.587928 
13.771171 
17.909882 
18.080339 
20.164857 
14.442376 
14.269585 
10.100448 
12.014910 
17.486633 
11.755992 
8.721293 
26.943953 
20.381500 
11.959410 
28.256015 
12.681976 
15.363057 
36.598525 
40.152491 
15.664353 
11.845566 
24.445796 
18.558227 
27.258989 
27.292908 
2069.661831 
827.124446 
15.487549 
15.330947 
15.565991 
128.248242 
25.363671 
16.036900 
20.984682 
9.576930 
15.330947 
17.375447 
31.939090 
17.587928 
13.771171 
17.909882 
18.080339 
20.164857 
14.442376 
14.269585 
10.100448 
12.014910 
17.486633 
11.755992 
8.721293 
26.943953 
20.381500 
11.959410 
28.256015 
12.681976 
15.363057 
36.598525 
40.152491 
15.664353 
11.845566 
24.445796 
18.558227 
27.258989 
27.292908 
2069.661831 
827.124446 
15.487549 
15.330947 
15.565991 
128.248242 
25.363671 
16.036900 
20.984682 
9.576930 
15.330947 
17.375447 
31.939090 
17.587928 
13.771171 
17.909882 
18.080339 
20.164857 
14.442376 
14.269585 
10.100448 
12.014910 
17.486633 
11.755992 
8.721293 
26.943953 
20.381500 
11.959410 
28.256015 
12.681976 
15.363057 
36.598525 
40.152491 
15.664353 
11.845566 
24.445796 
18.558227 
27.258989 
27.292908 
