2027.566559 
826.025728 
14.640660 
17.001086 
16.052075 
64.687912 
22.550478 
13.884511 
16.730002 
11.576293 
17.001086 
15.269418 
33.200645 
19.553022 
19.309918 
13.221541 
29.143611 
27.132440 
13.065370 
14.560471 
8.397852 
10.179559 
21.035671 
10.409033 
9.190155 
15.813952 
17.196064 
10.904670 
44.070531 
19.506689 
17.671805 
37.704564 
62.844090 
13.825918 
22.207746 
7.232039 
10.415873 
41.978061 
29.969418 
2027.566559 
826.025728 
14.640660 
17.001086 
16.052075 
64.687912 
22.550478 
13.884511 
16.730002 
11.576293 
17.001086 
15.269418 
33.200645 
19.553022 
19.309918 
13.221541 
29.143611 
27.132440 
13.065370 
14.560471 
8.397852 
10.179559 
21.035671 
10.409033 
9.190155 
15.813952 
17.196064 
10.904670 
44.070531 
19.506689 
17.671805 
37.704564 
62.844090 
13.825918 
22.207746 
7.232039 
10.415873 
41.978061 
29.969418 
2027.566559 
826.025728 
14.640660 
17.001086 
16.052075 
64.687912 
22.550478 
13.884511 
16.730002 
11.576293 
17.001086 
15.269418 
33.200645 
19.553022 
19.309918 
13.221541 
29.143611 
27.132440 
13.065370 
14.560471 
8.397852 
10.179559 
21.035671 
10.409033 
9.190155 
15.813952 
17.196064 
10.904670 
44.070531 
19.506689 
17.671805 
37.704564 
62.844090 
13.825918 
22.207746 
7.232039 
10.415873 
41.978061 
29.969418 
2027.566559 
826.025728 
14.640660 
17.001086 
16.052075 
64.687912 
22.550478 
13.884511 
16.730002 
11.576293 
17.001086 
15.269418 
33.200645 
19.553022 
19.309918 
13.221541 
29.143611 
27.132440 
13.065370 
14.560471 
8.397852 
10.179559 
21.035671 
10.409033 
9.190155 
15.813952 
17.196064 
10.904670 
44.070531 
19.506689 
17.671805 
37.704564 
62.844090 
13.825918 
22.207746 
7.232039 
10.415873 
41.978061 
29.969418 
2027.566559 
826.025728 
14.640660 
17.001086 
16.052075 
64.687912 
22.550478 
13.884511 
16.730002 
11.576293 
17.001086 
15.269418 
33.200645 
19.553022 
19.309918 
13.221541 
29.143611 
27.132440 
13.065370 
14.560471 
8.397852 
10.179559 
21.035671 
10.409033 
9.190155 
15.813952 
17.196064 
10.904670 
44.070531 
19.506689 
17.671805 
37.704564 
62.844090 
13.825918 
22.207746 
7.232039 
10.415873 
41.978061 
29.969418 
