2021.453713 
808.643753 
17.098211 
21.759988 
18.079461 
137.502691 
21.508498 
18.300587 
21.685935 
12.208556 
21.759988 
19.268010 
31.800740 
24.593125 
16.371572 
16.400751 
21.910281 
14.411843 
18.453696 
13.728068 
14.307580 
13.711128 
17.580843 
10.197329 
12.871419 
11.472753 
19.165520 
13.940691 
34.716648 
36.164906 
24.605992 
31.607967 
42.687211 
15.430518 
24.893922 
12.205816 
15.078178 
42.675173 
26.901101 
2021.453713 
808.643753 
17.098211 
21.759988 
18.079461 
137.502691 
21.508498 
18.300587 
21.685935 
12.208556 
21.759988 
19.268010 
31.800740 
24.593125 
16.371572 
16.400751 
21.910281 
14.411843 
18.453696 
13.728068 
14.307580 
13.711128 
17.580843 
10.197329 
12.871419 
11.472753 
19.165520 
13.940691 
34.716648 
36.164906 
24.605992 
31.607967 
42.687211 
15.430518 
24.893922 
12.205816 
15.078178 
42.675173 
26.901101 
2021.453713 
808.643753 
17.098211 
21.759988 
18.079461 
137.502691 
21.508498 
18.300587 
21.685935 
12.208556 
21.759988 
19.268010 
31.800740 
24.593125 
16.371572 
16.400751 
21.910281 
14.411843 
18.453696 
13.728068 
14.307580 
13.711128 
17.580843 
10.197329 
12.871419 
11.472753 
19.165520 
13.940691 
34.716648 
36.164906 
24.605992 
31.607967 
42.687211 
15.430518 
24.893922 
12.205816 
15.078178 
42.675173 
26.901101 
2021.453713 
808.643753 
17.098211 
21.759988 
18.079461 
137.502691 
21.508498 
18.300587 
21.685935 
12.208556 
21.759988 
19.268010 
31.800740 
24.593125 
16.371572 
16.400751 
21.910281 
14.411843 
18.453696 
13.728068 
14.307580 
13.711128 
17.580843 
10.197329 
12.871419 
11.472753 
19.165520 
13.940691 
34.716648 
36.164906 
24.605992 
31.607967 
42.687211 
15.430518 
24.893922 
12.205816 
15.078178 
42.675173 
26.901101 
2021.453713 
808.643753 
17.098211 
21.759988 
18.079461 
137.502691 
21.508498 
18.300587 
21.685935 
12.208556 
21.759988 
19.268010 
31.800740 
24.593125 
16.371572 
16.400751 
21.910281 
14.411843 
18.453696 
13.728068 
14.307580 
13.711128 
17.580843 
10.197329 
12.871419 
11.472753 
19.165520 
13.940691 
34.716648 
36.164906 
24.605992 
31.607967 
42.687211 
15.430518 
24.893922 
12.205816 
15.078178 
42.675173 
26.901101 
