2006.506272 
806.035883 
15.504837 
18.711984 
19.080347 
127.488702 
25.810220 
14.238392 
28.209854 
12.984914 
18.711984 
17.321490 
33.328968 
17.691628 
16.915192 
17.791105 
16.663900 
10.731736 
13.511551 
18.863936 
12.506741 
12.691646 
27.333463 
15.812228 
10.599285 
15.767799 
24.272149 
15.574387 
39.969672 
34.286275 
26.237134 
39.224592 
53.639616 
15.094662 
44.925912 
12.293654 
12.181832 
42.174069 
28.782810 
2006.506272 
806.035883 
15.504837 
18.711984 
19.080347 
127.488702 
25.810220 
14.238392 
28.209854 
12.984914 
18.711984 
17.321490 
33.328968 
17.691628 
16.915192 
17.791105 
16.663900 
10.731736 
13.511551 
18.863936 
12.506741 
12.691646 
27.333463 
15.812228 
10.599285 
15.767799 
24.272149 
15.574387 
39.969672 
34.286275 
26.237134 
39.224592 
53.639616 
15.094662 
44.925912 
12.293654 
12.181832 
42.174069 
28.782810 
2006.506272 
806.035883 
15.504837 
18.711984 
19.080347 
127.488702 
25.810220 
14.238392 
28.209854 
12.984914 
18.711984 
17.321490 
33.328968 
17.691628 
16.915192 
17.791105 
16.663900 
10.731736 
13.511551 
18.863936 
12.506741 
12.691646 
27.333463 
15.812228 
10.599285 
15.767799 
24.272149 
15.574387 
39.969672 
34.286275 
26.237134 
39.224592 
53.639616 
15.094662 
44.925912 
12.293654 
12.181832 
42.174069 
28.782810 
2006.506272 
806.035883 
15.504837 
18.711984 
19.080347 
127.488702 
25.810220 
14.238392 
28.209854 
12.984914 
18.711984 
17.321490 
33.328968 
17.691628 
16.915192 
17.791105 
16.663900 
10.731736 
13.511551 
18.863936 
12.506741 
12.691646 
27.333463 
15.812228 
10.599285 
15.767799 
24.272149 
15.574387 
39.969672 
34.286275 
26.237134 
39.224592 
53.639616 
15.094662 
44.925912 
12.293654 
12.181832 
42.174069 
28.782810 
2006.506272 
806.035883 
15.504837 
18.711984 
19.080347 
127.488702 
25.810220 
14.238392 
28.209854 
12.984914 
18.711984 
17.321490 
33.328968 
17.691628 
16.915192 
17.791105 
16.663900 
10.731736 
13.511551 
18.863936 
12.506741 
12.691646 
27.333463 
15.812228 
10.599285 
15.767799 
24.272149 
15.574387 
39.969672 
34.286275 
26.237134 
39.224592 
53.639616 
15.094662 
44.925912 
12.293654 
12.181832 
42.174069 
28.782810 
