2023.580628 
800.765163 
15.518776 
19.026554 
18.467559 
143.270428 
29.836096 
19.142340 
22.527680 
17.592361 
19.026554 
11.961216 
32.475796 
14.098842 
25.324833 
16.646579 
33.393660 
26.023202 
23.932239 
16.360478 
18.164410 
13.416757 
26.790588 
20.751964 
14.765241 
37.976389 
35.152330 
14.342881 
22.040983 
9.350319 
15.576470 
24.126076 
24.862645 
16.831651 
18.593907 
14.036547 
14.489392 
23.900647 
16.481700 
2023.580628 
800.765163 
15.518776 
19.026554 
18.467559 
143.270428 
29.836096 
19.142340 
22.527680 
17.592361 
19.026554 
11.961216 
32.475796 
14.098842 
25.324833 
16.646579 
33.393660 
26.023202 
23.932239 
16.360478 
18.164410 
13.416757 
26.790588 
20.751964 
14.765241 
37.976389 
35.152330 
14.342881 
22.040983 
9.350319 
15.576470 
24.126076 
24.862645 
16.831651 
18.593907 
14.036547 
14.489392 
23.900647 
16.481700 
2023.580628 
800.765163 
15.518776 
19.026554 
18.467559 
143.270428 
29.836096 
19.142340 
22.527680 
17.592361 
19.026554 
11.961216 
32.475796 
14.098842 
25.324833 
16.646579 
33.393660 
26.023202 
23.932239 
16.360478 
18.164410 
13.416757 
26.790588 
20.751964 
14.765241 
37.976389 
35.152330 
14.342881 
22.040983 
9.350319 
15.576470 
24.126076 
24.862645 
16.831651 
18.593907 
14.036547 
14.489392 
23.900647 
16.481700 
2023.580628 
800.765163 
15.518776 
19.026554 
18.467559 
143.270428 
29.836096 
19.142340 
22.527680 
17.592361 
19.026554 
11.961216 
32.475796 
14.098842 
25.324833 
16.646579 
33.393660 
26.023202 
23.932239 
16.360478 
18.164410 
13.416757 
26.790588 
20.751964 
14.765241 
37.976389 
35.152330 
14.342881 
22.040983 
9.350319 
15.576470 
24.126076 
24.862645 
16.831651 
18.593907 
14.036547 
14.489392 
23.900647 
16.481700 
2023.580628 
800.765163 
15.518776 
19.026554 
18.467559 
143.270428 
29.836096 
19.142340 
22.527680 
17.592361 
19.026554 
11.961216 
32.475796 
14.098842 
25.324833 
16.646579 
33.393660 
26.023202 
23.932239 
16.360478 
18.164410 
13.416757 
26.790588 
20.751964 
14.765241 
37.976389 
35.152330 
14.342881 
22.040983 
9.350319 
15.576470 
24.126076 
24.862645 
16.831651 
18.593907 
14.036547 
14.489392 
23.900647 
16.481700 
