2021.453713 
808.643753 
17.098211 
21.759988 
18.079461 
137.502691 
21.508498 
18.300587 
21.685935 
12.208556 
21.759988 
19.268010 
31.800740 
24.593125 
16.371572 
16.400751 
21.910281 
14.411843 
18.453696 
13.728068 
14.307580 
13.711128 
17.580843 
10.197329 
12.871419 
11.472753 
19.165520 
13.940691 
34.716648 
36.164906 
24.605992 
31.607967 
42.687211 
15.430518 
24.893922 
12.205816 
15.078178 
42.675173 
26.901101 
2016.699921 
820.346236 
16.895373 
12.810242 
17.476037 
153.940432 
22.414419 
23.291604 
22.488493 
18.325532 
12.810242 
19.071126 
34.875769 
19.329242 
19.945528 
18.186916 
21.951947 
12.358594 
13.788971 
19.467032 
12.476255 
11.095551 
17.917503 
14.083175 
13.098712 
14.849832 
20.203636 
12.262267 
59.663526 
46.186994 
31.595742 
31.124330 
61.224031 
14.508746 
37.867725 
10.639169 
14.389161 
45.455004 
26.145512 
2016.699921 
820.346236 
16.895373 
12.810242 
17.476037 
153.940432 
22.414419 
23.291604 
22.488493 
18.325532 
12.810242 
19.071126 
34.875769 
19.329242 
19.945528 
18.186916 
21.951947 
12.358594 
13.788971 
19.467032 
12.476255 
11.095551 
17.917503 
14.083175 
13.098712 
14.849832 
20.203636 
12.262267 
59.663526 
46.186994 
31.595742 
31.124330 
61.224031 
14.508746 
37.867725 
10.639169 
14.389161 
45.455004 
26.145512 
2016.699921 
820.346236 
16.895373 
12.810242 
17.476037 
153.940432 
22.414419 
23.291604 
22.488493 
18.325532 
12.810242 
19.071126 
34.875769 
19.329242 
19.945528 
18.186916 
21.951947 
12.358594 
13.788971 
19.467032 
12.476255 
11.095551 
17.917503 
14.083175 
13.098712 
14.849832 
20.203636 
12.262267 
59.663526 
46.186994 
31.595742 
31.124330 
61.224031 
14.508746 
37.867725 
10.639169 
14.389161 
45.455004 
26.145512 
2016.699921 
820.346236 
16.895373 
12.810242 
17.476037 
153.940432 
22.414419 
23.291604 
22.488493 
18.325532 
12.810242 
19.071126 
34.875769 
19.329242 
19.945528 
18.186916 
21.951947 
12.358594 
13.788971 
19.467032 
12.476255 
11.095551 
17.917503 
14.083175 
13.098712 
14.849832 
20.203636 
12.262267 
59.663526 
46.186994 
31.595742 
31.124330 
61.224031 
14.508746 
37.867725 
10.639169 
14.389161 
45.455004 
26.145512 
