2079.920175 
826.993431 
15.944557 
16.521794 
17.870793 
80.992013 
33.154601 
21.304673 
25.854741 
18.283471 
16.521794 
16.949736 
41.075530 
16.551606 
15.185586 
11.617893 
33.452102 
22.006620 
11.569395 
13.665070 
11.942264 
14.831581 
20.728544 
10.192506 
9.537182 
22.870661 
21.090941 
10.254257 
19.961737 
12.830645 
12.976689 
40.343282 
27.533352 
12.619157 
16.946998 
15.265343 
10.973002 
32.690505 
18.969781 
2079.920175 
826.993431 
15.944557 
16.521794 
17.870793 
80.992013 
33.154601 
21.304673 
25.854741 
18.283471 
16.521794 
16.949736 
41.075530 
16.551606 
15.185586 
11.617893 
33.452102 
22.006620 
11.569395 
13.665070 
11.942264 
14.831581 
20.728544 
10.192506 
9.537182 
22.870661 
21.090941 
10.254257 
19.961737 
12.830645 
12.976689 
40.343282 
27.533352 
12.619157 
16.946998 
15.265343 
10.973002 
32.690505 
18.969781 
2079.920175 
826.993431 
15.944557 
16.521794 
17.870793 
80.992013 
33.154601 
21.304673 
25.854741 
18.283471 
16.521794 
16.949736 
41.075530 
16.551606 
15.185586 
11.617893 
33.452102 
22.006620 
11.569395 
13.665070 
11.942264 
14.831581 
20.728544 
10.192506 
9.537182 
22.870661 
21.090941 
10.254257 
19.961737 
12.830645 
12.976689 
40.343282 
27.533352 
12.619157 
16.946998 
15.265343 
10.973002 
32.690505 
18.969781 
2079.920175 
826.993431 
15.944557 
16.521794 
17.870793 
80.992013 
33.154601 
21.304673 
25.854741 
18.283471 
16.521794 
16.949736 
41.075530 
16.551606 
15.185586 
11.617893 
33.452102 
22.006620 
11.569395 
13.665070 
11.942264 
14.831581 
20.728544 
10.192506 
9.537182 
22.870661 
21.090941 
10.254257 
19.961737 
12.830645 
12.976689 
40.343282 
27.533352 
12.619157 
16.946998 
15.265343 
10.973002 
32.690505 
18.969781 
2079.920175 
826.993431 
15.944557 
16.521794 
17.870793 
80.992013 
33.154601 
21.304673 
25.854741 
18.283471 
16.521794 
16.949736 
41.075530 
16.551606 
15.185586 
11.617893 
33.452102 
22.006620 
11.569395 
13.665070 
11.942264 
14.831581 
20.728544 
10.192506 
9.537182 
22.870661 
21.090941 
10.254257 
19.961737 
12.830645 
12.976689 
40.343282 
27.533352 
12.619157 
16.946998 
15.265343 
10.973002 
32.690505 
18.969781 
