1968.911499 
802.417747 
18.860659 
17.652304 
20.138510 
107.077021 
19.285214 
17.491767 
20.883245 
11.799172 
17.652304 
12.805981 
30.932929 
24.512101 
22.702802 
16.677579 
29.178115 
23.533855 
20.366191 
13.518310 
10.687256 
14.368069 
15.012335 
18.034836 
12.240079 
14.169405 
25.538520 
26.524061 
24.022569 
21.741917 
34.637422 
25.386331 
28.679318 
17.908685 
19.322871 
11.351475 
15.167238 
26.218943 
20.389806 
1968.911499 
802.417747 
18.860659 
17.652304 
20.138510 
107.077021 
19.285214 
17.491767 
20.883245 
11.799172 
17.652304 
12.805981 
30.932929 
24.512101 
22.702802 
16.677579 
29.178115 
23.533855 
20.366191 
13.518310 
10.687256 
14.368069 
15.012335 
18.034836 
12.240079 
14.169405 
25.538520 
26.524061 
24.022569 
21.741917 
34.637422 
25.386331 
28.679318 
17.908685 
19.322871 
11.351475 
15.167238 
26.218943 
20.389806 
1968.911499 
802.417747 
18.860659 
17.652304 
20.138510 
107.077021 
19.285214 
17.491767 
20.883245 
11.799172 
17.652304 
12.805981 
30.932929 
24.512101 
22.702802 
16.677579 
29.178115 
23.533855 
20.366191 
13.518310 
10.687256 
14.368069 
15.012335 
18.034836 
12.240079 
14.169405 
25.538520 
26.524061 
24.022569 
21.741917 
34.637422 
25.386331 
28.679318 
17.908685 
19.322871 
11.351475 
15.167238 
26.218943 
20.389806 
1968.911499 
802.417747 
18.860659 
17.652304 
20.138510 
107.077021 
19.285214 
17.491767 
20.883245 
11.799172 
17.652304 
12.805981 
30.932929 
24.512101 
22.702802 
16.677579 
29.178115 
23.533855 
20.366191 
13.518310 
10.687256 
14.368069 
15.012335 
18.034836 
12.240079 
14.169405 
25.538520 
26.524061 
24.022569 
21.741917 
34.637422 
25.386331 
28.679318 
17.908685 
19.322871 
11.351475 
15.167238 
26.218943 
20.389806 
1968.911499 
802.417747 
18.860659 
17.652304 
20.138510 
107.077021 
19.285214 
17.491767 
20.883245 
11.799172 
17.652304 
12.805981 
30.932929 
24.512101 
22.702802 
16.677579 
29.178115 
23.533855 
20.366191 
13.518310 
10.687256 
14.368069 
15.012335 
18.034836 
12.240079 
14.169405 
25.538520 
26.524061 
24.022569 
21.741917 
34.637422 
25.386331 
28.679318 
17.908685 
19.322871 
11.351475 
15.167238 
26.218943 
20.389806 
