2016.856827 
820.808507 
13.416814 
15.503626 
17.378314 
58.620147 
18.113220 
12.461808 
16.656301 
11.808303 
15.503626 
13.105676 
36.745388 
15.554177 
18.415634 
12.033773 
25.074678 
13.754808 
14.388215 
18.827707 
10.770431 
11.813664 
14.735652 
11.782108 
10.886261 
11.907950 
27.642618 
12.024381 
32.158634 
13.587059 
19.049472 
33.294810 
36.001118 
10.656730 
17.090453 
13.457005 
13.799488 
24.779176 
35.367165 
2016.856827 
820.808507 
13.416814 
15.503626 
17.378314 
58.620147 
18.113220 
12.461808 
16.656301 
11.808303 
15.503626 
13.105676 
36.745388 
15.554177 
18.415634 
12.033773 
25.074678 
13.754808 
14.388215 
18.827707 
10.770431 
11.813664 
14.735652 
11.782108 
10.886261 
11.907950 
27.642618 
12.024381 
32.158634 
13.587059 
19.049472 
33.294810 
36.001118 
10.656730 
17.090453 
13.457005 
13.799488 
24.779176 
35.367165 
2016.856827 
820.808507 
13.416814 
15.503626 
17.378314 
58.620147 
18.113220 
12.461808 
16.656301 
11.808303 
15.503626 
13.105676 
36.745388 
15.554177 
18.415634 
12.033773 
25.074678 
13.754808 
14.388215 
18.827707 
10.770431 
11.813664 
14.735652 
11.782108 
10.886261 
11.907950 
27.642618 
12.024381 
32.158634 
13.587059 
19.049472 
33.294810 
36.001118 
10.656730 
17.090453 
13.457005 
13.799488 
24.779176 
35.367165 
2016.856827 
820.808507 
13.416814 
15.503626 
17.378314 
58.620147 
18.113220 
12.461808 
16.656301 
11.808303 
15.503626 
13.105676 
36.745388 
15.554177 
18.415634 
12.033773 
25.074678 
13.754808 
14.388215 
18.827707 
10.770431 
11.813664 
14.735652 
11.782108 
10.886261 
11.907950 
27.642618 
12.024381 
32.158634 
13.587059 
19.049472 
33.294810 
36.001118 
10.656730 
17.090453 
13.457005 
13.799488 
24.779176 
35.367165 
2016.856827 
820.808507 
13.416814 
15.503626 
17.378314 
58.620147 
18.113220 
12.461808 
16.656301 
11.808303 
15.503626 
13.105676 
36.745388 
15.554177 
18.415634 
12.033773 
25.074678 
13.754808 
14.388215 
18.827707 
10.770431 
11.813664 
14.735652 
11.782108 
10.886261 
11.907950 
27.642618 
12.024381 
32.158634 
13.587059 
19.049472 
33.294810 
36.001118 
10.656730 
17.090453 
13.457005 
13.799488 
24.779176 
35.367165 
