2044.959735 
824.536682 
16.270091 
17.060160 
18.799949 
132.919844 
18.770041 
16.662433 
24.629976 
17.073398 
17.060160 
18.030082 
34.600026 
16.700886 
14.794964 
14.829372 
16.583574 
18.015481 
11.154730 
12.265218 
10.068635 
8.411806 
12.547754 
9.343233 
9.447578 
22.202577 
25.005063 
10.292292 
26.953807 
23.890315 
14.663177 
36.772895 
24.753178 
16.251141 
15.538733 
8.677293 
15.741591 
21.174699 
30.124367 
2044.959735 
824.536682 
16.270091 
17.060160 
18.799949 
132.919844 
18.770041 
16.662433 
24.629976 
17.073398 
17.060160 
18.030082 
34.600026 
16.700886 
14.794964 
14.829372 
16.583574 
18.015481 
11.154730 
12.265218 
10.068635 
8.411806 
12.547754 
9.343233 
9.447578 
22.202577 
25.005063 
10.292292 
26.953807 
23.890315 
14.663177 
36.772895 
24.753178 
16.251141 
15.538733 
8.677293 
15.741591 
21.174699 
30.124367 
2044.959735 
824.536682 
16.270091 
17.060160 
18.799949 
132.919844 
18.770041 
16.662433 
24.629976 
17.073398 
17.060160 
18.030082 
34.600026 
16.700886 
14.794964 
14.829372 
16.583574 
18.015481 
11.154730 
12.265218 
10.068635 
8.411806 
12.547754 
9.343233 
9.447578 
22.202577 
25.005063 
10.292292 
26.953807 
23.890315 
14.663177 
36.772895 
24.753178 
16.251141 
15.538733 
8.677293 
15.741591 
21.174699 
30.124367 
2044.959735 
824.536682 
16.270091 
17.060160 
18.799949 
132.919844 
18.770041 
16.662433 
24.629976 
17.073398 
17.060160 
18.030082 
34.600026 
16.700886 
14.794964 
14.829372 
16.583574 
18.015481 
11.154730 
12.265218 
10.068635 
8.411806 
12.547754 
9.343233 
9.447578 
22.202577 
25.005063 
10.292292 
26.953807 
23.890315 
14.663177 
36.772895 
24.753178 
16.251141 
15.538733 
8.677293 
15.741591 
21.174699 
30.124367 
2044.959735 
824.536682 
16.270091 
17.060160 
18.799949 
132.919844 
18.770041 
16.662433 
24.629976 
17.073398 
17.060160 
18.030082 
34.600026 
16.700886 
14.794964 
14.829372 
16.583574 
18.015481 
11.154730 
12.265218 
10.068635 
8.411806 
12.547754 
9.343233 
9.447578 
22.202577 
25.005063 
10.292292 
26.953807 
23.890315 
14.663177 
36.772895 
24.753178 
16.251141 
15.538733 
8.677293 
15.741591 
21.174699 
30.124367 
