2048.900088 
822.743564 
16.922059 
16.980323 
18.302137 
75.191373 
22.349373 
17.855892 
23.994953 
16.079263 
16.980323 
17.069303 
25.098223 
15.598550 
23.674028 
18.695942 
31.132648 
21.856938 
20.721827 
9.501382 
8.413882 
12.717834 
18.313346 
20.604215 
10.133459 
14.939808 
25.942109 
17.551363 
31.882384 
40.424267 
29.737126 
32.978734 
42.088868 
17.298353 
57.535807 
11.521148 
18.531391 
31.555255 
23.616041 
2048.900088 
822.743564 
16.922059 
16.980323 
18.302137 
75.191373 
22.349373 
17.855892 
23.994953 
16.079263 
16.980323 
17.069303 
25.098223 
15.598550 
23.674028 
18.695942 
31.132648 
21.856938 
20.721827 
9.501382 
8.413882 
12.717834 
18.313346 
20.604215 
10.133459 
14.939808 
25.942109 
17.551363 
31.882384 
40.424267 
29.737126 
32.978734 
42.088868 
17.298353 
57.535807 
11.521148 
18.531391 
31.555255 
23.616041 
2048.900088 
822.743564 
16.922059 
16.980323 
18.302137 
75.191373 
22.349373 
17.855892 
23.994953 
16.079263 
16.980323 
17.069303 
25.098223 
15.598550 
23.674028 
18.695942 
31.132648 
21.856938 
20.721827 
9.501382 
8.413882 
12.717834 
18.313346 
20.604215 
10.133459 
14.939808 
25.942109 
17.551363 
31.882384 
40.424267 
29.737126 
32.978734 
42.088868 
17.298353 
57.535807 
11.521148 
18.531391 
31.555255 
23.616041 
2048.900088 
822.743564 
16.922059 
16.980323 
18.302137 
75.191373 
22.349373 
17.855892 
23.994953 
16.079263 
16.980323 
17.069303 
25.098223 
15.598550 
23.674028 
18.695942 
31.132648 
21.856938 
20.721827 
9.501382 
8.413882 
12.717834 
18.313346 
20.604215 
10.133459 
14.939808 
25.942109 
17.551363 
31.882384 
40.424267 
29.737126 
32.978734 
42.088868 
17.298353 
57.535807 
11.521148 
18.531391 
31.555255 
23.616041 
2048.900088 
822.743564 
16.922059 
16.980323 
18.302137 
75.191373 
22.349373 
17.855892 
23.994953 
16.079263 
16.980323 
17.069303 
25.098223 
15.598550 
23.674028 
18.695942 
31.132648 
21.856938 
20.721827 
9.501382 
8.413882 
12.717834 
18.313346 
20.604215 
10.133459 
14.939808 
25.942109 
17.551363 
31.882384 
40.424267 
29.737126 
32.978734 
42.088868 
17.298353 
57.535807 
11.521148 
18.531391 
31.555255 
23.616041 
