2003.656514 
811.436175 
19.752747 
29.993165 
22.990883 
89.552691 
39.952270 
26.703485 
32.251390 
13.605770 
29.993165 
15.733496 
27.216137 
18.716491 
15.357754 
15.056756 
18.124659 
22.677096 
20.022176 
15.062582 
9.922342 
19.329181 
10.346045 
8.726510 
10.622911 
9.640590 
11.393598 
13.634263 
10.207791 
12.069575 
11.893575 
17.404014 
11.818566 
17.644367 
8.148479 
12.673550 
14.905491 
13.717102 
14.261028 
2003.656514 
811.436175 
19.752747 
29.993165 
22.990883 
89.552691 
39.952270 
26.703485 
32.251390 
13.605770 
29.993165 
15.733496 
27.216137 
18.716491 
15.357754 
15.056756 
18.124659 
22.677096 
20.022176 
15.062582 
9.922342 
19.329181 
10.346045 
8.726510 
10.622911 
9.640590 
11.393598 
13.634263 
10.207791 
12.069575 
11.893575 
17.404014 
11.818566 
17.644367 
8.148479 
12.673550 
14.905491 
13.717102 
14.261028 
2003.656514 
811.436175 
19.752747 
29.993165 
22.990883 
89.552691 
39.952270 
26.703485 
32.251390 
13.605770 
29.993165 
15.733496 
27.216137 
18.716491 
15.357754 
15.056756 
18.124659 
22.677096 
20.022176 
15.062582 
9.922342 
19.329181 
10.346045 
8.726510 
10.622911 
9.640590 
11.393598 
13.634263 
10.207791 
12.069575 
11.893575 
17.404014 
11.818566 
17.644367 
8.148479 
12.673550 
14.905491 
13.717102 
14.261028 
2003.656514 
811.436175 
19.752747 
29.993165 
22.990883 
89.552691 
39.952270 
26.703485 
32.251390 
13.605770 
29.993165 
15.733496 
27.216137 
18.716491 
15.357754 
15.056756 
18.124659 
22.677096 
20.022176 
15.062582 
9.922342 
19.329181 
10.346045 
8.726510 
10.622911 
9.640590 
11.393598 
13.634263 
10.207791 
12.069575 
11.893575 
17.404014 
11.818566 
17.644367 
8.148479 
12.673550 
14.905491 
13.717102 
14.261028 
2003.656514 
811.436175 
19.752747 
29.993165 
22.990883 
89.552691 
39.952270 
26.703485 
32.251390 
13.605770 
29.993165 
15.733496 
27.216137 
18.716491 
15.357754 
15.056756 
18.124659 
22.677096 
20.022176 
15.062582 
9.922342 
19.329181 
10.346045 
8.726510 
10.622911 
9.640590 
11.393598 
13.634263 
10.207791 
12.069575 
11.893575 
17.404014 
11.818566 
17.644367 
8.148479 
12.673550 
14.905491 
13.717102 
14.261028 
