2079.741007 
845.881272 
19.728669 
16.007106 
26.693973 
123.262384 
44.515400 
35.170167 
28.585008 
19.937549 
16.007106 
18.389736 
30.057782 
15.305051 
14.554662 
14.976439 
26.830536 
21.225276 
14.995237 
15.822846 
13.150146 
10.509329 
10.600291 
9.425601 
12.620368 
13.720933 
12.748573 
16.951799 
10.118609 
14.832229 
14.733924 
18.670691 
7.803693 
15.710173 
8.971817 
9.696920 
12.887472 
8.933054 
11.504097 
2079.741007 
845.881272 
19.728669 
16.007106 
26.693973 
123.262384 
44.515400 
35.170167 
28.585008 
19.937549 
16.007106 
18.389736 
30.057782 
15.305051 
14.554662 
14.976439 
26.830536 
21.225276 
14.995237 
15.822846 
13.150146 
10.509329 
10.600291 
9.425601 
12.620368 
13.720933 
12.748573 
16.951799 
10.118609 
14.832229 
14.733924 
18.670691 
7.803693 
15.710173 
8.971817 
9.696920 
12.887472 
8.933054 
11.504097 
2079.741007 
845.881272 
19.728669 
16.007106 
26.693973 
123.262384 
44.515400 
35.170167 
28.585008 
19.937549 
16.007106 
18.389736 
30.057782 
15.305051 
14.554662 
14.976439 
26.830536 
21.225276 
14.995237 
15.822846 
13.150146 
10.509329 
10.600291 
9.425601 
12.620368 
13.720933 
12.748573 
16.951799 
10.118609 
14.832229 
14.733924 
18.670691 
7.803693 
15.710173 
8.971817 
9.696920 
12.887472 
8.933054 
11.504097 
2079.741007 
845.881272 
19.728669 
16.007106 
26.693973 
123.262384 
44.515400 
35.170167 
28.585008 
19.937549 
16.007106 
18.389736 
30.057782 
15.305051 
14.554662 
14.976439 
26.830536 
21.225276 
14.995237 
15.822846 
13.150146 
10.509329 
10.600291 
9.425601 
12.620368 
13.720933 
12.748573 
16.951799 
10.118609 
14.832229 
14.733924 
18.670691 
7.803693 
15.710173 
8.971817 
9.696920 
12.887472 
8.933054 
11.504097 
2079.741007 
845.881272 
19.728669 
16.007106 
26.693973 
123.262384 
44.515400 
35.170167 
28.585008 
19.937549 
16.007106 
18.389736 
30.057782 
15.305051 
14.554662 
14.976439 
26.830536 
21.225276 
14.995237 
15.822846 
13.150146 
10.509329 
10.600291 
9.425601 
12.620368 
13.720933 
12.748573 
16.951799 
10.118609 
14.832229 
14.733924 
18.670691 
7.803693 
15.710173 
8.971817 
9.696920 
12.887472 
8.933054 
11.504097 
