2062.438326 
808.100588 
14.674592 
14.528308 
17.178171 
90.105576 
33.626837 
12.039137 
25.354443 
16.113245 
14.528308 
10.990116 
48.432307 
11.645683 
14.327289 
13.211315 
26.695263 
26.059471 
22.090854 
12.764590 
9.328512 
15.562387 
11.605927 
16.854353 
12.359617 
13.151942 
13.482812 
11.735031 
6.606702 
8.105242 
10.856803 
17.551291 
5.360883 
16.375234 
5.934114 
11.653950 
12.493483 
11.095090 
12.524685 
2141.080776 
858.470933 
17.872536 
32.965845 
21.736743 
115.761701 
42.718989 
26.269601 
28.229962 
12.153189 
32.965845 
9.907913 
49.294742 
22.830715 
20.621020 
11.916185 
23.839482 
29.741927 
14.985888 
11.887151 
15.423300 
18.011677 
15.446632 
10.250116 
15.296296 
10.375352 
12.098698 
10.827055 
15.294505 
11.620863 
11.191209 
16.794373 
10.158095 
12.945664 
9.531581 
10.035092 
13.161042 
16.302603 
15.260212 
2141.080776 
858.470933 
17.872536 
32.965845 
21.736743 
115.761701 
42.718989 
26.269601 
28.229962 
12.153189 
32.965845 
9.907913 
49.294742 
22.830715 
20.621020 
11.916185 
23.839482 
29.741927 
14.985888 
11.887151 
15.423300 
18.011677 
15.446632 
10.250116 
15.296296 
10.375352 
12.098698 
10.827055 
15.294505 
11.620863 
11.191209 
16.794373 
10.158095 
12.945664 
9.531581 
10.035092 
13.161042 
16.302603 
15.260212 
2141.080776 
858.470933 
17.872536 
32.965845 
21.736743 
115.761701 
42.718989 
26.269601 
28.229962 
12.153189 
32.965845 
9.907913 
49.294742 
22.830715 
20.621020 
11.916185 
23.839482 
29.741927 
14.985888 
11.887151 
15.423300 
18.011677 
15.446632 
10.250116 
15.296296 
10.375352 
12.098698 
10.827055 
15.294505 
11.620863 
11.191209 
16.794373 
10.158095 
12.945664 
9.531581 
10.035092 
13.161042 
16.302603 
15.260212 
2141.080776 
858.470933 
17.872536 
32.965845 
21.736743 
115.761701 
42.718989 
26.269601 
28.229962 
12.153189 
32.965845 
9.907913 
49.294742 
22.830715 
20.621020 
11.916185 
23.839482 
29.741927 
14.985888 
11.887151 
15.423300 
18.011677 
15.446632 
10.250116 
15.296296 
10.375352 
12.098698 
10.827055 
15.294505 
11.620863 
11.191209 
16.794373 
10.158095 
12.945664 
9.531581 
10.035092 
13.161042 
16.302603 
15.260212 
