2210.179017 
897.955425 
16.818931 
14.707522 
19.201607 
122.584141 
24.396451 
24.102614 
14.445988 
9.617131 
14.707522 
16.383169 
58.892530 
8.315462 
17.452729 
11.927653 
36.093002 
36.128949 
15.727664 
9.168440 
12.095436 
10.310033 
20.807670 
12.562744 
14.450729 
8.808446 
14.377463 
8.776589 
6.356226 
8.967107 
8.816819 
17.477055 
13.410822 
14.333888 
12.373887 
9.467122 
10.809953 
16.092917 
13.798974 
2210.179017 
897.955425 
16.818931 
14.707522 
19.201607 
122.584141 
24.396451 
24.102614 
14.445988 
9.617131 
14.707522 
16.383169 
58.892530 
8.315462 
17.452729 
11.927653 
36.093002 
36.128949 
15.727664 
9.168440 
12.095436 
10.310033 
20.807670 
12.562744 
14.450729 
8.808446 
14.377463 
8.776589 
6.356226 
8.967107 
8.816819 
17.477055 
13.410822 
14.333888 
12.373887 
9.467122 
10.809953 
16.092917 
13.798974 
2210.179017 
897.955425 
16.818931 
14.707522 
19.201607 
122.584141 
24.396451 
24.102614 
14.445988 
9.617131 
14.707522 
16.383169 
58.892530 
8.315462 
17.452729 
11.927653 
36.093002 
36.128949 
15.727664 
9.168440 
12.095436 
10.310033 
20.807670 
12.562744 
14.450729 
8.808446 
14.377463 
8.776589 
6.356226 
8.967107 
8.816819 
17.477055 
13.410822 
14.333888 
12.373887 
9.467122 
10.809953 
16.092917 
13.798974 
2210.179017 
897.955425 
16.818931 
14.707522 
19.201607 
122.584141 
24.396451 
24.102614 
14.445988 
9.617131 
14.707522 
16.383169 
58.892530 
8.315462 
17.452729 
11.927653 
36.093002 
36.128949 
15.727664 
9.168440 
12.095436 
10.310033 
20.807670 
12.562744 
14.450729 
8.808446 
14.377463 
8.776589 
6.356226 
8.967107 
8.816819 
17.477055 
13.410822 
14.333888 
12.373887 
9.467122 
10.809953 
16.092917 
13.798974 
2210.179017 
897.955425 
16.818931 
14.707522 
19.201607 
122.584141 
24.396451 
24.102614 
14.445988 
9.617131 
14.707522 
16.383169 
58.892530 
8.315462 
17.452729 
11.927653 
36.093002 
36.128949 
15.727664 
9.168440 
12.095436 
10.310033 
20.807670 
12.562744 
14.450729 
8.808446 
14.377463 
8.776589 
6.356226 
8.967107 
8.816819 
17.477055 
13.410822 
14.333888 
12.373887 
9.467122 
10.809953 
16.092917 
13.798974 
