1998.993439 
793.537058 
20.964824 
26.522416 
28.013067 
92.268080 
34.271399 
26.082952 
30.532414 
36.998537 
26.522416 
20.789089 
37.045050 
23.863564 
28.835156 
17.496609 
29.473214 
32.284770 
19.264991 
25.224475 
11.267083 
24.026102 
11.775096 
17.606579 
12.044415 
11.465127 
17.817688 
13.111421 
24.685276 
16.673448 
14.150448 
18.843788 
14.498144 
17.076602 
11.884317 
18.358324 
19.109375 
15.670926 
11.706422 
1998.993439 
793.537058 
20.964824 
26.522416 
28.013067 
92.268080 
34.271399 
26.082952 
30.532414 
36.998537 
26.522416 
20.789089 
37.045050 
23.863564 
28.835156 
17.496609 
29.473214 
32.284770 
19.264991 
25.224475 
11.267083 
24.026102 
11.775096 
17.606579 
12.044415 
11.465127 
17.817688 
13.111421 
24.685276 
16.673448 
14.150448 
18.843788 
14.498144 
17.076602 
11.884317 
18.358324 
19.109375 
15.670926 
11.706422 
1998.993439 
793.537058 
20.964824 
26.522416 
28.013067 
92.268080 
34.271399 
26.082952 
30.532414 
36.998537 
26.522416 
20.789089 
37.045050 
23.863564 
28.835156 
17.496609 
29.473214 
32.284770 
19.264991 
25.224475 
11.267083 
24.026102 
11.775096 
17.606579 
12.044415 
11.465127 
17.817688 
13.111421 
24.685276 
16.673448 
14.150448 
18.843788 
14.498144 
17.076602 
11.884317 
18.358324 
19.109375 
15.670926 
11.706422 
1998.993439 
793.537058 
20.964824 
26.522416 
28.013067 
92.268080 
34.271399 
26.082952 
30.532414 
36.998537 
26.522416 
20.789089 
37.045050 
23.863564 
28.835156 
17.496609 
29.473214 
32.284770 
19.264991 
25.224475 
11.267083 
24.026102 
11.775096 
17.606579 
12.044415 
11.465127 
17.817688 
13.111421 
24.685276 
16.673448 
14.150448 
18.843788 
14.498144 
17.076602 
11.884317 
18.358324 
19.109375 
15.670926 
11.706422 
1998.993439 
793.537058 
20.964824 
26.522416 
28.013067 
92.268080 
34.271399 
26.082952 
30.532414 
36.998537 
26.522416 
20.789089 
37.045050 
23.863564 
28.835156 
17.496609 
29.473214 
32.284770 
19.264991 
25.224475 
11.267083 
24.026102 
11.775096 
17.606579 
12.044415 
11.465127 
17.817688 
13.111421 
24.685276 
16.673448 
14.150448 
18.843788 
14.498144 
17.076602 
11.884317 
18.358324 
19.109375 
15.670926 
11.706422 
