2059.795067 
838.790177 
20.511124 
28.031272 
24.911077 
83.785161 
37.942784 
29.614275 
50.386748 
17.735632 
28.031272 
14.422719 
30.860471 
19.781358 
11.966486 
15.216888 
19.223440 
23.067287 
18.087053 
18.353436 
9.478978 
14.043147 
14.786114 
11.479415 
11.814178 
9.316594 
12.605846 
12.046493 
7.751439 
15.317646 
13.057475 
17.971460 
10.340075 
16.365555 
8.716404 
7.485300 
12.128116 
14.932291 
14.737081 
2059.795067 
838.790177 
20.511124 
28.031272 
24.911077 
83.785161 
37.942784 
29.614275 
50.386748 
17.735632 
28.031272 
14.422719 
30.860471 
19.781358 
11.966486 
15.216888 
19.223440 
23.067287 
18.087053 
18.353436 
9.478978 
14.043147 
14.786114 
11.479415 
11.814178 
9.316594 
12.605846 
12.046493 
7.751439 
15.317646 
13.057475 
17.971460 
10.340075 
16.365555 
8.716404 
7.485300 
12.128116 
14.932291 
14.737081 
2059.795067 
838.790177 
20.511124 
28.031272 
24.911077 
83.785161 
37.942784 
29.614275 
50.386748 
17.735632 
28.031272 
14.422719 
30.860471 
19.781358 
11.966486 
15.216888 
19.223440 
23.067287 
18.087053 
18.353436 
9.478978 
14.043147 
14.786114 
11.479415 
11.814178 
9.316594 
12.605846 
12.046493 
7.751439 
15.317646 
13.057475 
17.971460 
10.340075 
16.365555 
8.716404 
7.485300 
12.128116 
14.932291 
14.737081 
2059.795067 
838.790177 
20.511124 
28.031272 
24.911077 
83.785161 
37.942784 
29.614275 
50.386748 
17.735632 
28.031272 
14.422719 
30.860471 
19.781358 
11.966486 
15.216888 
19.223440 
23.067287 
18.087053 
18.353436 
9.478978 
14.043147 
14.786114 
11.479415 
11.814178 
9.316594 
12.605846 
12.046493 
7.751439 
15.317646 
13.057475 
17.971460 
10.340075 
16.365555 
8.716404 
7.485300 
12.128116 
14.932291 
14.737081 
2059.795067 
838.790177 
20.511124 
28.031272 
24.911077 
83.785161 
37.942784 
29.614275 
50.386748 
17.735632 
28.031272 
14.422719 
30.860471 
19.781358 
11.966486 
15.216888 
19.223440 
23.067287 
18.087053 
18.353436 
9.478978 
14.043147 
14.786114 
11.479415 
11.814178 
9.316594 
12.605846 
12.046493 
7.751439 
15.317646 
13.057475 
17.971460 
10.340075 
16.365555 
8.716404 
7.485300 
12.128116 
14.932291 
14.737081 
