2119.294775 
857.500482 
18.111198 
23.883845 
24.631002 
83.902440 
42.353722 
31.092390 
31.230128 
20.006251 
23.883845 
13.718948 
27.893387 
14.015220 
16.730646 
15.231951 
18.491985 
20.250481 
19.878100 
11.169439 
12.831891 
13.872965 
16.911073 
9.097713 
13.353384 
7.958347 
12.067393 
11.714460 
10.746629 
14.579782 
11.906931 
15.473897 
12.752260 
18.275877 
13.218892 
14.624445 
13.591956 
14.578946 
18.782632 
2119.294775 
857.500482 
18.111198 
23.883845 
24.631002 
83.902440 
42.353722 
31.092390 
31.230128 
20.006251 
23.883845 
13.718948 
27.893387 
14.015220 
16.730646 
15.231951 
18.491985 
20.250481 
19.878100 
11.169439 
12.831891 
13.872965 
16.911073 
9.097713 
13.353384 
7.958347 
12.067393 
11.714460 
10.746629 
14.579782 
11.906931 
15.473897 
12.752260 
18.275877 
13.218892 
14.624445 
13.591956 
14.578946 
18.782632 
2119.294775 
857.500482 
18.111198 
23.883845 
24.631002 
83.902440 
42.353722 
31.092390 
31.230128 
20.006251 
23.883845 
13.718948 
27.893387 
14.015220 
16.730646 
15.231951 
18.491985 
20.250481 
19.878100 
11.169439 
12.831891 
13.872965 
16.911073 
9.097713 
13.353384 
7.958347 
12.067393 
11.714460 
10.746629 
14.579782 
11.906931 
15.473897 
12.752260 
18.275877 
13.218892 
14.624445 
13.591956 
14.578946 
18.782632 
2119.294775 
857.500482 
18.111198 
23.883845 
24.631002 
83.902440 
42.353722 
31.092390 
31.230128 
20.006251 
23.883845 
13.718948 
27.893387 
14.015220 
16.730646 
15.231951 
18.491985 
20.250481 
19.878100 
11.169439 
12.831891 
13.872965 
16.911073 
9.097713 
13.353384 
7.958347 
12.067393 
11.714460 
10.746629 
14.579782 
11.906931 
15.473897 
12.752260 
18.275877 
13.218892 
14.624445 
13.591956 
14.578946 
18.782632 
2119.294775 
857.500482 
18.111198 
23.883845 
24.631002 
83.902440 
42.353722 
31.092390 
31.230128 
20.006251 
23.883845 
13.718948 
27.893387 
14.015220 
16.730646 
15.231951 
18.491985 
20.250481 
19.878100 
11.169439 
12.831891 
13.872965 
16.911073 
9.097713 
13.353384 
7.958347 
12.067393 
11.714460 
10.746629 
14.579782 
11.906931 
15.473897 
12.752260 
18.275877 
13.218892 
14.624445 
13.591956 
14.578946 
18.782632 
