2125.812619 
857.279636 
18.056341 
28.317827 
22.798449 
123.498755 
36.834372 
29.082028 
28.744565 
11.887092 
28.317827 
13.428198 
26.939483 
23.210213 
20.340834 
7.124755 
20.016870 
22.921221 
20.610735 
11.357989 
8.357230 
8.441209 
14.274439 
10.411851 
15.156080 
8.589059 
16.099111 
9.497140 
21.604586 
11.044400 
12.117410 
18.852471 
19.066355 
14.145310 
12.389359 
12.115907 
14.260391 
16.948215 
14.803074 
2125.812619 
857.279636 
18.056341 
28.317827 
22.798449 
123.498755 
36.834372 
29.082028 
28.744565 
11.887092 
28.317827 
13.428198 
26.939483 
23.210213 
20.340834 
7.124755 
20.016870 
22.921221 
20.610735 
11.357989 
8.357230 
8.441209 
14.274439 
10.411851 
15.156080 
8.589059 
16.099111 
9.497140 
21.604586 
11.044400 
12.117410 
18.852471 
19.066355 
14.145310 
12.389359 
12.115907 
14.260391 
16.948215 
14.803074 
2125.812619 
857.279636 
18.056341 
28.317827 
22.798449 
123.498755 
36.834372 
29.082028 
28.744565 
11.887092 
28.317827 
13.428198 
26.939483 
23.210213 
20.340834 
7.124755 
20.016870 
22.921221 
20.610735 
11.357989 
8.357230 
8.441209 
14.274439 
10.411851 
15.156080 
8.589059 
16.099111 
9.497140 
21.604586 
11.044400 
12.117410 
18.852471 
19.066355 
14.145310 
12.389359 
12.115907 
14.260391 
16.948215 
14.803074 
2125.812619 
857.279636 
18.056341 
28.317827 
22.798449 
123.498755 
36.834372 
29.082028 
28.744565 
11.887092 
28.317827 
13.428198 
26.939483 
23.210213 
20.340834 
7.124755 
20.016870 
22.921221 
20.610735 
11.357989 
8.357230 
8.441209 
14.274439 
10.411851 
15.156080 
8.589059 
16.099111 
9.497140 
21.604586 
11.044400 
12.117410 
18.852471 
19.066355 
14.145310 
12.389359 
12.115907 
14.260391 
16.948215 
14.803074 
2125.812619 
857.279636 
18.056341 
28.317827 
22.798449 
123.498755 
36.834372 
29.082028 
28.744565 
11.887092 
28.317827 
13.428198 
26.939483 
23.210213 
20.340834 
7.124755 
20.016870 
22.921221 
20.610735 
11.357989 
8.357230 
8.441209 
14.274439 
10.411851 
15.156080 
8.589059 
16.099111 
9.497140 
21.604586 
11.044400 
12.117410 
18.852471 
19.066355 
14.145310 
12.389359 
12.115907 
14.260391 
16.948215 
14.803074 
