2087.784300 
849.227975 
19.325996 
17.325871 
23.232603 
78.329450 
43.673934 
24.643253 
35.469490 
19.590910 
17.325871 
18.737749 
52.429228 
13.101346 
26.434587 
18.562734 
25.957088 
37.175428 
19.078039 
21.248459 
14.555375 
18.804478 
19.145167 
11.615489 
14.294539 
9.945155 
13.727539 
16.278362 
14.346557 
21.409543 
15.206702 
16.183272 
9.959470 
18.477822 
19.316677 
12.196493 
14.175027 
17.179769 
16.115029 
2087.784300 
849.227975 
19.325996 
17.325871 
23.232603 
78.329450 
43.673934 
24.643253 
35.469490 
19.590910 
17.325871 
18.737749 
52.429228 
13.101346 
26.434587 
18.562734 
25.957088 
37.175428 
19.078039 
21.248459 
14.555375 
18.804478 
19.145167 
11.615489 
14.294539 
9.945155 
13.727539 
16.278362 
14.346557 
21.409543 
15.206702 
16.183272 
9.959470 
18.477822 
19.316677 
12.196493 
14.175027 
17.179769 
16.115029 
2087.784300 
849.227975 
19.325996 
17.325871 
23.232603 
78.329450 
43.673934 
24.643253 
35.469490 
19.590910 
17.325871 
18.737749 
52.429228 
13.101346 
26.434587 
18.562734 
25.957088 
37.175428 
19.078039 
21.248459 
14.555375 
18.804478 
19.145167 
11.615489 
14.294539 
9.945155 
13.727539 
16.278362 
14.346557 
21.409543 
15.206702 
16.183272 
9.959470 
18.477822 
19.316677 
12.196493 
14.175027 
17.179769 
16.115029 
2087.784300 
849.227975 
19.325996 
17.325871 
23.232603 
78.329450 
43.673934 
24.643253 
35.469490 
19.590910 
17.325871 
18.737749 
52.429228 
13.101346 
26.434587 
18.562734 
25.957088 
37.175428 
19.078039 
21.248459 
14.555375 
18.804478 
19.145167 
11.615489 
14.294539 
9.945155 
13.727539 
16.278362 
14.346557 
21.409543 
15.206702 
16.183272 
9.959470 
18.477822 
19.316677 
12.196493 
14.175027 
17.179769 
16.115029 
2087.784300 
849.227975 
19.325996 
17.325871 
23.232603 
78.329450 
43.673934 
24.643253 
35.469490 
19.590910 
17.325871 
18.737749 
52.429228 
13.101346 
26.434587 
18.562734 
25.957088 
37.175428 
19.078039 
21.248459 
14.555375 
18.804478 
19.145167 
11.615489 
14.294539 
9.945155 
13.727539 
16.278362 
14.346557 
21.409543 
15.206702 
16.183272 
9.959470 
18.477822 
19.316677 
12.196493 
14.175027 
17.179769 
16.115029 
