2141.979728 
870.775971 
17.092780 
14.671876 
21.666530 
123.325769 
34.163751 
19.171651 
27.503108 
12.217559 
14.671876 
11.424961 
41.507464 
16.453427 
22.330656 
12.954135 
18.744354 
13.458085 
12.128935 
16.773506 
11.641410 
12.067256 
6.054929 
14.956567 
14.090052 
10.871966 
12.777186 
13.449472 
9.144923 
11.894281 
12.026572 
14.791289 
13.856172 
14.404719 
14.270722 
9.791868 
12.512864 
13.616573 
15.225395 
2141.979728 
870.775971 
17.092780 
14.671876 
21.666530 
123.325769 
34.163751 
19.171651 
27.503108 
12.217559 
14.671876 
11.424961 
41.507464 
16.453427 
22.330656 
12.954135 
18.744354 
13.458085 
12.128935 
16.773506 
11.641410 
12.067256 
6.054929 
14.956567 
14.090052 
10.871966 
12.777186 
13.449472 
9.144923 
11.894281 
12.026572 
14.791289 
13.856172 
14.404719 
14.270722 
9.791868 
12.512864 
13.616573 
15.225395 
2141.979728 
870.775971 
17.092780 
14.671876 
21.666530 
123.325769 
34.163751 
19.171651 
27.503108 
12.217559 
14.671876 
11.424961 
41.507464 
16.453427 
22.330656 
12.954135 
18.744354 
13.458085 
12.128935 
16.773506 
11.641410 
12.067256 
6.054929 
14.956567 
14.090052 
10.871966 
12.777186 
13.449472 
9.144923 
11.894281 
12.026572 
14.791289 
13.856172 
14.404719 
14.270722 
9.791868 
12.512864 
13.616573 
15.225395 
2141.979728 
870.775971 
17.092780 
14.671876 
21.666530 
123.325769 
34.163751 
19.171651 
27.503108 
12.217559 
14.671876 
11.424961 
41.507464 
16.453427 
22.330656 
12.954135 
18.744354 
13.458085 
12.128935 
16.773506 
11.641410 
12.067256 
6.054929 
14.956567 
14.090052 
10.871966 
12.777186 
13.449472 
9.144923 
11.894281 
12.026572 
14.791289 
13.856172 
14.404719 
14.270722 
9.791868 
12.512864 
13.616573 
15.225395 
2141.979728 
870.775971 
17.092780 
14.671876 
21.666530 
123.325769 
34.163751 
19.171651 
27.503108 
12.217559 
14.671876 
11.424961 
41.507464 
16.453427 
22.330656 
12.954135 
18.744354 
13.458085 
12.128935 
16.773506 
11.641410 
12.067256 
6.054929 
14.956567 
14.090052 
10.871966 
12.777186 
13.449472 
9.144923 
11.894281 
12.026572 
14.791289 
13.856172 
14.404719 
14.270722 
9.791868 
12.512864 
13.616573 
15.225395 
