2136.832789 
878.243699 
14.631324 
17.062047 
22.060471 
98.130005 
25.450581 
14.753307 
26.202382 
10.696366 
17.062047 
17.080275 
31.379086 
16.896417 
14.056808 
10.334029 
17.517368 
19.375847 
20.618626 
11.296368 
7.438365 
11.254911 
10.538085 
19.055455 
13.113349 
10.174301 
11.755060 
11.035165 
20.890136 
15.082225 
13.089220 
15.917833 
20.146638 
12.105032 
8.877543 
12.882389 
11.945749 
14.562266 
13.990068 
2136.832789 
878.243699 
14.631324 
17.062047 
22.060471 
98.130005 
25.450581 
14.753307 
26.202382 
10.696366 
17.062047 
17.080275 
31.379086 
16.896417 
14.056808 
10.334029 
17.517368 
19.375847 
20.618626 
11.296368 
7.438365 
11.254911 
10.538085 
19.055455 
13.113349 
10.174301 
11.755060 
11.035165 
20.890136 
15.082225 
13.089220 
15.917833 
20.146638 
12.105032 
8.877543 
12.882389 
11.945749 
14.562266 
13.990068 
2136.832789 
878.243699 
14.631324 
17.062047 
22.060471 
98.130005 
25.450581 
14.753307 
26.202382 
10.696366 
17.062047 
17.080275 
31.379086 
16.896417 
14.056808 
10.334029 
17.517368 
19.375847 
20.618626 
11.296368 
7.438365 
11.254911 
10.538085 
19.055455 
13.113349 
10.174301 
11.755060 
11.035165 
20.890136 
15.082225 
13.089220 
15.917833 
20.146638 
12.105032 
8.877543 
12.882389 
11.945749 
14.562266 
13.990068 
2136.832789 
878.243699 
14.631324 
17.062047 
22.060471 
98.130005 
25.450581 
14.753307 
26.202382 
10.696366 
17.062047 
17.080275 
31.379086 
16.896417 
14.056808 
10.334029 
17.517368 
19.375847 
20.618626 
11.296368 
7.438365 
11.254911 
10.538085 
19.055455 
13.113349 
10.174301 
11.755060 
11.035165 
20.890136 
15.082225 
13.089220 
15.917833 
20.146638 
12.105032 
8.877543 
12.882389 
11.945749 
14.562266 
13.990068 
2136.832789 
878.243699 
14.631324 
17.062047 
22.060471 
98.130005 
25.450581 
14.753307 
26.202382 
10.696366 
17.062047 
17.080275 
31.379086 
16.896417 
14.056808 
10.334029 
17.517368 
19.375847 
20.618626 
11.296368 
7.438365 
11.254911 
10.538085 
19.055455 
13.113349 
10.174301 
11.755060 
11.035165 
20.890136 
15.082225 
13.089220 
15.917833 
20.146638 
12.105032 
8.877543 
12.882389 
11.945749 
14.562266 
13.990068 
