2184.288966 
850.902988 
25.473742 
40.010188 
29.553888 
75.369079 
41.303887 
55.313943 
31.908027 
15.242968 
40.010188 
23.901358 
28.315571 
31.431047 
25.039548 
18.741741 
20.276599 
23.004001 
29.704807 
17.486932 
10.254509 
21.043482 
13.090236 
17.847095 
12.549441 
13.440473 
17.229287 
9.108735 
11.000078 
12.440784 
9.194917 
21.313286 
13.567880 
22.373848 
8.347358 
11.319898 
12.873318 
12.607918 
9.376017 
2184.288966 
850.902988 
25.473742 
40.010188 
29.553888 
75.369079 
41.303887 
55.313943 
31.908027 
15.242968 
40.010188 
23.901358 
28.315571 
31.431047 
25.039548 
18.741741 
20.276599 
23.004001 
29.704807 
17.486932 
10.254509 
21.043482 
13.090236 
17.847095 
12.549441 
13.440473 
17.229287 
9.108735 
11.000078 
12.440784 
9.194917 
21.313286 
13.567880 
22.373848 
8.347358 
11.319898 
12.873318 
12.607918 
9.376017 
2184.288966 
850.902988 
25.473742 
40.010188 
29.553888 
75.369079 
41.303887 
55.313943 
31.908027 
15.242968 
40.010188 
23.901358 
28.315571 
31.431047 
25.039548 
18.741741 
20.276599 
23.004001 
29.704807 
17.486932 
10.254509 
21.043482 
13.090236 
17.847095 
12.549441 
13.440473 
17.229287 
9.108735 
11.000078 
12.440784 
9.194917 
21.313286 
13.567880 
22.373848 
8.347358 
11.319898 
12.873318 
12.607918 
9.376017 
2184.288966 
850.902988 
25.473742 
40.010188 
29.553888 
75.369079 
41.303887 
55.313943 
31.908027 
15.242968 
40.010188 
23.901358 
28.315571 
31.431047 
25.039548 
18.741741 
20.276599 
23.004001 
29.704807 
17.486932 
10.254509 
21.043482 
13.090236 
17.847095 
12.549441 
13.440473 
17.229287 
9.108735 
11.000078 
12.440784 
9.194917 
21.313286 
13.567880 
22.373848 
8.347358 
11.319898 
12.873318 
12.607918 
9.376017 
2184.288966 
850.902988 
25.473742 
40.010188 
29.553888 
75.369079 
41.303887 
55.313943 
31.908027 
15.242968 
40.010188 
23.901358 
28.315571 
31.431047 
25.039548 
18.741741 
20.276599 
23.004001 
29.704807 
17.486932 
10.254509 
21.043482 
13.090236 
17.847095 
12.549441 
13.440473 
17.229287 
9.108735 
11.000078 
12.440784 
9.194917 
21.313286 
13.567880 
22.373848 
8.347358 
11.319898 
12.873318 
12.607918 
9.376017 
