2062.438326 
808.100588 
14.674592 
14.528308 
17.178171 
90.105576 
33.626837 
12.039137 
25.354443 
16.113245 
14.528308 
10.990116 
48.432307 
11.645683 
14.327289 
13.211315 
26.695263 
26.059471 
22.090854 
12.764590 
9.328512 
15.562387 
11.605927 
16.854353 
12.359617 
13.151942 
13.482812 
11.735031 
6.606702 
8.105242 
10.856803 
17.551291 
5.360883 
16.375234 
5.934114 
11.653950 
12.493483 
11.095090 
12.524685 
2062.438326 
808.100588 
14.674592 
14.528308 
17.178171 
90.105576 
33.626837 
12.039137 
25.354443 
16.113245 
14.528308 
10.990116 
48.432307 
11.645683 
14.327289 
13.211315 
26.695263 
26.059471 
22.090854 
12.764590 
9.328512 
15.562387 
11.605927 
16.854353 
12.359617 
13.151942 
13.482812 
11.735031 
6.606702 
8.105242 
10.856803 
17.551291 
5.360883 
16.375234 
5.934114 
11.653950 
12.493483 
11.095090 
12.524685 
2062.438326 
808.100588 
14.674592 
14.528308 
17.178171 
90.105576 
33.626837 
12.039137 
25.354443 
16.113245 
14.528308 
10.990116 
48.432307 
11.645683 
14.327289 
13.211315 
26.695263 
26.059471 
22.090854 
12.764590 
9.328512 
15.562387 
11.605927 
16.854353 
12.359617 
13.151942 
13.482812 
11.735031 
6.606702 
8.105242 
10.856803 
17.551291 
5.360883 
16.375234 
5.934114 
11.653950 
12.493483 
11.095090 
12.524685 
2062.438326 
808.100588 
14.674592 
14.528308 
17.178171 
90.105576 
33.626837 
12.039137 
25.354443 
16.113245 
14.528308 
10.990116 
48.432307 
11.645683 
14.327289 
13.211315 
26.695263 
26.059471 
22.090854 
12.764590 
9.328512 
15.562387 
11.605927 
16.854353 
12.359617 
13.151942 
13.482812 
11.735031 
6.606702 
8.105242 
10.856803 
17.551291 
5.360883 
16.375234 
5.934114 
11.653950 
12.493483 
11.095090 
12.524685 
2062.438326 
808.100588 
14.674592 
14.528308 
17.178171 
90.105576 
33.626837 
12.039137 
25.354443 
16.113245 
14.528308 
10.990116 
48.432307 
11.645683 
14.327289 
13.211315 
26.695263 
26.059471 
22.090854 
12.764590 
9.328512 
15.562387 
11.605927 
16.854353 
12.359617 
13.151942 
13.482812 
11.735031 
6.606702 
8.105242 
10.856803 
17.551291 
5.360883 
16.375234 
5.934114 
11.653950 
12.493483 
11.095090 
12.524685 
