2212.376323 
888.261164 
16.401361 
24.079703 
19.798923 
83.410080 
49.095343 
27.095205 
24.092426 
17.903532 
24.079703 
15.546733 
28.622815 
15.441284 
11.191500 
12.265097 
17.594504 
13.522871 
12.764945 
16.778298 
11.618973 
17.827145 
10.035539 
15.632417 
16.053081 
12.661878 
14.329123 
10.070130 
12.412899 
8.614873 
7.927434 
20.811423 
15.649145 
14.981230 
9.528933 
7.907243 
13.304853 
15.261996 
13.637399 
2212.376323 
888.261164 
16.401361 
24.079703 
19.798923 
83.410080 
49.095343 
27.095205 
24.092426 
17.903532 
24.079703 
15.546733 
28.622815 
15.441284 
11.191500 
12.265097 
17.594504 
13.522871 
12.764945 
16.778298 
11.618973 
17.827145 
10.035539 
15.632417 
16.053081 
12.661878 
14.329123 
10.070130 
12.412899 
8.614873 
7.927434 
20.811423 
15.649145 
14.981230 
9.528933 
7.907243 
13.304853 
15.261996 
13.637399 
2212.376323 
888.261164 
16.401361 
24.079703 
19.798923 
83.410080 
49.095343 
27.095205 
24.092426 
17.903532 
24.079703 
15.546733 
28.622815 
15.441284 
11.191500 
12.265097 
17.594504 
13.522871 
12.764945 
16.778298 
11.618973 
17.827145 
10.035539 
15.632417 
16.053081 
12.661878 
14.329123 
10.070130 
12.412899 
8.614873 
7.927434 
20.811423 
15.649145 
14.981230 
9.528933 
7.907243 
13.304853 
15.261996 
13.637399 
2212.376323 
888.261164 
16.401361 
24.079703 
19.798923 
83.410080 
49.095343 
27.095205 
24.092426 
17.903532 
24.079703 
15.546733 
28.622815 
15.441284 
11.191500 
12.265097 
17.594504 
13.522871 
12.764945 
16.778298 
11.618973 
17.827145 
10.035539 
15.632417 
16.053081 
12.661878 
14.329123 
10.070130 
12.412899 
8.614873 
7.927434 
20.811423 
15.649145 
14.981230 
9.528933 
7.907243 
13.304853 
15.261996 
13.637399 
2212.376323 
888.261164 
16.401361 
24.079703 
19.798923 
83.410080 
49.095343 
27.095205 
24.092426 
17.903532 
24.079703 
15.546733 
28.622815 
15.441284 
11.191500 
12.265097 
17.594504 
13.522871 
12.764945 
16.778298 
11.618973 
17.827145 
10.035539 
15.632417 
16.053081 
12.661878 
14.329123 
10.070130 
12.412899 
8.614873 
7.927434 
20.811423 
15.649145 
14.981230 
9.528933 
7.907243 
13.304853 
15.261996 
13.637399 
