2039.839094 
829.298680 
16.607262 
15.969940 
22.631595 
93.270422 
22.418521 
26.242853 
24.477518 
17.608293 
15.969940 
15.052858 
32.828168 
19.943792 
18.121624 
13.726620 
27.488843 
20.232246 
15.316808 
20.053591 
9.281720 
13.303503 
8.304007 
12.267361 
13.680735 
8.562952 
8.981999 
14.624132 
13.214102 
14.390545 
12.345664 
16.672826 
8.692414 
14.465106 
10.810165 
7.882553 
12.228897 
7.209579 
18.090597 
2039.839094 
829.298680 
16.607262 
15.969940 
22.631595 
93.270422 
22.418521 
26.242853 
24.477518 
17.608293 
15.969940 
15.052858 
32.828168 
19.943792 
18.121624 
13.726620 
27.488843 
20.232246 
15.316808 
20.053591 
9.281720 
13.303503 
8.304007 
12.267361 
13.680735 
8.562952 
8.981999 
14.624132 
13.214102 
14.390545 
12.345664 
16.672826 
8.692414 
14.465106 
10.810165 
7.882553 
12.228897 
7.209579 
18.090597 
2039.839094 
829.298680 
16.607262 
15.969940 
22.631595 
93.270422 
22.418521 
26.242853 
24.477518 
17.608293 
15.969940 
15.052858 
32.828168 
19.943792 
18.121624 
13.726620 
27.488843 
20.232246 
15.316808 
20.053591 
9.281720 
13.303503 
8.304007 
12.267361 
13.680735 
8.562952 
8.981999 
14.624132 
13.214102 
14.390545 
12.345664 
16.672826 
8.692414 
14.465106 
10.810165 
7.882553 
12.228897 
7.209579 
18.090597 
2039.839094 
829.298680 
16.607262 
15.969940 
22.631595 
93.270422 
22.418521 
26.242853 
24.477518 
17.608293 
15.969940 
15.052858 
32.828168 
19.943792 
18.121624 
13.726620 
27.488843 
20.232246 
15.316808 
20.053591 
9.281720 
13.303503 
8.304007 
12.267361 
13.680735 
8.562952 
8.981999 
14.624132 
13.214102 
14.390545 
12.345664 
16.672826 
8.692414 
14.465106 
10.810165 
7.882553 
12.228897 
7.209579 
18.090597 
2039.839094 
829.298680 
16.607262 
15.969940 
22.631595 
93.270422 
22.418521 
26.242853 
24.477518 
17.608293 
15.969940 
15.052858 
32.828168 
19.943792 
18.121624 
13.726620 
27.488843 
20.232246 
15.316808 
20.053591 
9.281720 
13.303503 
8.304007 
12.267361 
13.680735 
8.562952 
8.981999 
14.624132 
13.214102 
14.390545 
12.345664 
16.672826 
8.692414 
14.465106 
10.810165 
7.882553 
12.228897 
7.209579 
18.090597 
