2034.683252 
835.728762 
17.966008 
19.804174 
26.083737 
88.887413 
30.127168 
36.208171 
40.443900 
20.443493 
19.804174 
16.963245 
32.342227 
16.097795 
23.999682 
11.901118 
17.984000 
23.464136 
18.553484 
15.027925 
13.276470 
13.295713 
15.449276 
15.392935 
11.268957 
9.584299 
13.057155 
16.263294 
9.431815 
17.607974 
15.409901 
18.168178 
9.589067 
15.064528 
13.510740 
7.715879 
11.259332 
12.000436 
17.275809 
2034.683252 
835.728762 
17.966008 
19.804174 
26.083737 
88.887413 
30.127168 
36.208171 
40.443900 
20.443493 
19.804174 
16.963245 
32.342227 
16.097795 
23.999682 
11.901118 
17.984000 
23.464136 
18.553484 
15.027925 
13.276470 
13.295713 
15.449276 
15.392935 
11.268957 
9.584299 
13.057155 
16.263294 
9.431815 
17.607974 
15.409901 
18.168178 
9.589067 
15.064528 
13.510740 
7.715879 
11.259332 
12.000436 
17.275809 
2034.683252 
835.728762 
17.966008 
19.804174 
26.083737 
88.887413 
30.127168 
36.208171 
40.443900 
20.443493 
19.804174 
16.963245 
32.342227 
16.097795 
23.999682 
11.901118 
17.984000 
23.464136 
18.553484 
15.027925 
13.276470 
13.295713 
15.449276 
15.392935 
11.268957 
9.584299 
13.057155 
16.263294 
9.431815 
17.607974 
15.409901 
18.168178 
9.589067 
15.064528 
13.510740 
7.715879 
11.259332 
12.000436 
17.275809 
2034.683252 
835.728762 
17.966008 
19.804174 
26.083737 
88.887413 
30.127168 
36.208171 
40.443900 
20.443493 
19.804174 
16.963245 
32.342227 
16.097795 
23.999682 
11.901118 
17.984000 
23.464136 
18.553484 
15.027925 
13.276470 
13.295713 
15.449276 
15.392935 
11.268957 
9.584299 
13.057155 
16.263294 
9.431815 
17.607974 
15.409901 
18.168178 
9.589067 
15.064528 
13.510740 
7.715879 
11.259332 
12.000436 
17.275809 
2034.683252 
835.728762 
17.966008 
19.804174 
26.083737 
88.887413 
30.127168 
36.208171 
40.443900 
20.443493 
19.804174 
16.963245 
32.342227 
16.097795 
23.999682 
11.901118 
17.984000 
23.464136 
18.553484 
15.027925 
13.276470 
13.295713 
15.449276 
15.392935 
11.268957 
9.584299 
13.057155 
16.263294 
9.431815 
17.607974 
15.409901 
18.168178 
9.589067 
15.064528 
13.510740 
7.715879 
11.259332 
12.000436 
17.275809 
