2146.723322 
847.137157 
21.709311 
22.845296 
25.250100 
70.093116 
38.269349 
33.530417 
31.680417 
11.919446 
22.845296 
15.021490 
34.577230 
14.757287 
18.465664 
24.959361 
28.199232 
26.635407 
14.334925 
19.881588 
9.930110 
22.019090 
18.664744 
14.329062 
12.802035 
13.463537 
18.971191 
9.258498 
14.867468 
17.848238 
10.433515 
19.337072 
12.416348 
20.514874 
12.679400 
9.532234 
12.662257 
11.432983 
14.720601 
2146.723322 
847.137157 
21.709311 
22.845296 
25.250100 
70.093116 
38.269349 
33.530417 
31.680417 
11.919446 
22.845296 
15.021490 
34.577230 
14.757287 
18.465664 
24.959361 
28.199232 
26.635407 
14.334925 
19.881588 
9.930110 
22.019090 
18.664744 
14.329062 
12.802035 
13.463537 
18.971191 
9.258498 
14.867468 
17.848238 
10.433515 
19.337072 
12.416348 
20.514874 
12.679400 
9.532234 
12.662257 
11.432983 
14.720601 
2146.723322 
847.137157 
21.709311 
22.845296 
25.250100 
70.093116 
38.269349 
33.530417 
31.680417 
11.919446 
22.845296 
15.021490 
34.577230 
14.757287 
18.465664 
24.959361 
28.199232 
26.635407 
14.334925 
19.881588 
9.930110 
22.019090 
18.664744 
14.329062 
12.802035 
13.463537 
18.971191 
9.258498 
14.867468 
17.848238 
10.433515 
19.337072 
12.416348 
20.514874 
12.679400 
9.532234 
12.662257 
11.432983 
14.720601 
2146.723322 
847.137157 
21.709311 
22.845296 
25.250100 
70.093116 
38.269349 
33.530417 
31.680417 
11.919446 
22.845296 
15.021490 
34.577230 
14.757287 
18.465664 
24.959361 
28.199232 
26.635407 
14.334925 
19.881588 
9.930110 
22.019090 
18.664744 
14.329062 
12.802035 
13.463537 
18.971191 
9.258498 
14.867468 
17.848238 
10.433515 
19.337072 
12.416348 
20.514874 
12.679400 
9.532234 
12.662257 
11.432983 
14.720601 
2146.723322 
847.137157 
21.709311 
22.845296 
25.250100 
70.093116 
38.269349 
33.530417 
31.680417 
11.919446 
22.845296 
15.021490 
34.577230 
14.757287 
18.465664 
24.959361 
28.199232 
26.635407 
14.334925 
19.881588 
9.930110 
22.019090 
18.664744 
14.329062 
12.802035 
13.463537 
18.971191 
9.258498 
14.867468 
17.848238 
10.433515 
19.337072 
12.416348 
20.514874 
12.679400 
9.532234 
12.662257 
11.432983 
14.720601 
