2090.435978 
850.072871 
18.097417 
21.818187 
24.681577 
95.550026 
38.167695 
32.416094 
27.582211 
22.004387 
21.818187 
15.735285 
33.780551 
13.910566 
24.286091 
16.011124 
14.474915 
25.556064 
13.783595 
13.661636 
10.263694 
14.109230 
10.879028 
14.883690 
11.643128 
10.395669 
11.806572 
13.933152 
8.296596 
11.261274 
13.787458 
16.668160 
8.100152 
15.885129 
9.521380 
13.391666 
13.599020 
10.631442 
14.575938 
2090.435978 
850.072871 
18.097417 
21.818187 
24.681577 
95.550026 
38.167695 
32.416094 
27.582211 
22.004387 
21.818187 
15.735285 
33.780551 
13.910566 
24.286091 
16.011124 
14.474915 
25.556064 
13.783595 
13.661636 
10.263694 
14.109230 
10.879028 
14.883690 
11.643128 
10.395669 
11.806572 
13.933152 
8.296596 
11.261274 
13.787458 
16.668160 
8.100152 
15.885129 
9.521380 
13.391666 
13.599020 
10.631442 
14.575938 
2090.435978 
850.072871 
18.097417 
21.818187 
24.681577 
95.550026 
38.167695 
32.416094 
27.582211 
22.004387 
21.818187 
15.735285 
33.780551 
13.910566 
24.286091 
16.011124 
14.474915 
25.556064 
13.783595 
13.661636 
10.263694 
14.109230 
10.879028 
14.883690 
11.643128 
10.395669 
11.806572 
13.933152 
8.296596 
11.261274 
13.787458 
16.668160 
8.100152 
15.885129 
9.521380 
13.391666 
13.599020 
10.631442 
14.575938 
2090.435978 
850.072871 
18.097417 
21.818187 
24.681577 
95.550026 
38.167695 
32.416094 
27.582211 
22.004387 
21.818187 
15.735285 
33.780551 
13.910566 
24.286091 
16.011124 
14.474915 
25.556064 
13.783595 
13.661636 
10.263694 
14.109230 
10.879028 
14.883690 
11.643128 
10.395669 
11.806572 
13.933152 
8.296596 
11.261274 
13.787458 
16.668160 
8.100152 
15.885129 
9.521380 
13.391666 
13.599020 
10.631442 
14.575938 
2090.435978 
850.072871 
18.097417 
21.818187 
24.681577 
95.550026 
38.167695 
32.416094 
27.582211 
22.004387 
21.818187 
15.735285 
33.780551 
13.910566 
24.286091 
16.011124 
14.474915 
25.556064 
13.783595 
13.661636 
10.263694 
14.109230 
10.879028 
14.883690 
11.643128 
10.395669 
11.806572 
13.933152 
8.296596 
11.261274 
13.787458 
16.668160 
8.100152 
15.885129 
9.521380 
13.391666 
13.599020 
10.631442 
14.575938 
