2064.408135 
844.891447 
18.763217 
24.946722 
25.750923 
107.428017 
21.793691 
27.396501 
23.902361 
16.446054 
24.946722 
22.125852 
26.361813 
22.535849 
15.412633 
18.706145 
20.191781 
22.996095 
14.736826 
16.972356 
14.446419 
14.907117 
6.758509 
13.916290 
13.906684 
29.827606 
11.269073 
16.123301 
13.310193 
12.167819 
13.037043 
11.917828 
13.207087 
17.467562 
14.325261 
9.691938 
14.291238 
11.524006 
8.972525 
2064.408135 
844.891447 
18.763217 
24.946722 
25.750923 
107.428017 
21.793691 
27.396501 
23.902361 
16.446054 
24.946722 
22.125852 
26.361813 
22.535849 
15.412633 
18.706145 
20.191781 
22.996095 
14.736826 
16.972356 
14.446419 
14.907117 
6.758509 
13.916290 
13.906684 
29.827606 
11.269073 
16.123301 
13.310193 
12.167819 
13.037043 
11.917828 
13.207087 
17.467562 
14.325261 
9.691938 
14.291238 
11.524006 
8.972525 
2064.408135 
844.891447 
18.763217 
24.946722 
25.750923 
107.428017 
21.793691 
27.396501 
23.902361 
16.446054 
24.946722 
22.125852 
26.361813 
22.535849 
15.412633 
18.706145 
20.191781 
22.996095 
14.736826 
16.972356 
14.446419 
14.907117 
6.758509 
13.916290 
13.906684 
29.827606 
11.269073 
16.123301 
13.310193 
12.167819 
13.037043 
11.917828 
13.207087 
17.467562 
14.325261 
9.691938 
14.291238 
11.524006 
8.972525 
2064.408135 
844.891447 
18.763217 
24.946722 
25.750923 
107.428017 
21.793691 
27.396501 
23.902361 
16.446054 
24.946722 
22.125852 
26.361813 
22.535849 
15.412633 
18.706145 
20.191781 
22.996095 
14.736826 
16.972356 
14.446419 
14.907117 
6.758509 
13.916290 
13.906684 
29.827606 
11.269073 
16.123301 
13.310193 
12.167819 
13.037043 
11.917828 
13.207087 
17.467562 
14.325261 
9.691938 
14.291238 
11.524006 
8.972525 
2064.408135 
844.891447 
18.763217 
24.946722 
25.750923 
107.428017 
21.793691 
27.396501 
23.902361 
16.446054 
24.946722 
22.125852 
26.361813 
22.535849 
15.412633 
18.706145 
20.191781 
22.996095 
14.736826 
16.972356 
14.446419 
14.907117 
6.758509 
13.916290 
13.906684 
29.827606 
11.269073 
16.123301 
13.310193 
12.167819 
13.037043 
11.917828 
13.207087 
17.467562 
14.325261 
9.691938 
14.291238 
11.524006 
8.972525 
