2073.362546 
831.074904 
19.849928 
23.089167 
24.464306 
147.846425 
43.145141 
26.457017 
31.790263 
12.120160 
23.089167 
16.270351 
40.950451 
15.455831 
23.344820 
11.985116 
26.425444 
25.761643 
14.840406 
19.228051 
11.835010 
16.444425 
7.809687 
15.863193 
12.805316 
13.327938 
12.387388 
13.057025 
8.672803 
11.648730 
13.198584 
17.364851 
13.862012 
17.516238 
11.952666 
11.507371 
14.575287 
21.138578 
14.063212 
2073.362546 
831.074904 
19.849928 
23.089167 
24.464306 
147.846425 
43.145141 
26.457017 
31.790263 
12.120160 
23.089167 
16.270351 
40.950451 
15.455831 
23.344820 
11.985116 
26.425444 
25.761643 
14.840406 
19.228051 
11.835010 
16.444425 
7.809687 
15.863193 
12.805316 
13.327938 
12.387388 
13.057025 
8.672803 
11.648730 
13.198584 
17.364851 
13.862012 
17.516238 
11.952666 
11.507371 
14.575287 
21.138578 
14.063212 
2073.362546 
831.074904 
19.849928 
23.089167 
24.464306 
147.846425 
43.145141 
26.457017 
31.790263 
12.120160 
23.089167 
16.270351 
40.950451 
15.455831 
23.344820 
11.985116 
26.425444 
25.761643 
14.840406 
19.228051 
11.835010 
16.444425 
7.809687 
15.863193 
12.805316 
13.327938 
12.387388 
13.057025 
8.672803 
11.648730 
13.198584 
17.364851 
13.862012 
17.516238 
11.952666 
11.507371 
14.575287 
21.138578 
14.063212 
2073.362546 
831.074904 
19.849928 
23.089167 
24.464306 
147.846425 
43.145141 
26.457017 
31.790263 
12.120160 
23.089167 
16.270351 
40.950451 
15.455831 
23.344820 
11.985116 
26.425444 
25.761643 
14.840406 
19.228051 
11.835010 
16.444425 
7.809687 
15.863193 
12.805316 
13.327938 
12.387388 
13.057025 
8.672803 
11.648730 
13.198584 
17.364851 
13.862012 
17.516238 
11.952666 
11.507371 
14.575287 
21.138578 
14.063212 
2073.362546 
831.074904 
19.849928 
23.089167 
24.464306 
147.846425 
43.145141 
26.457017 
31.790263 
12.120160 
23.089167 
16.270351 
40.950451 
15.455831 
23.344820 
11.985116 
26.425444 
25.761643 
14.840406 
19.228051 
11.835010 
16.444425 
7.809687 
15.863193 
12.805316 
13.327938 
12.387388 
13.057025 
8.672803 
11.648730 
13.198584 
17.364851 
13.862012 
17.516238 
11.952666 
11.507371 
14.575287 
21.138578 
14.063212 
